# Trouble in Terrorist Town weapon/ammo placement overrides
# For map: ttt_asylum_v3f
# Exported by: niclas
setting:	replacespawns 1
weapon_ttt_smokegrenade	-4123.822754 818.698730 68.615456	1.881 -0.120 -1.928
weapon_ttt_smokegrenade	-4144.500977 821.256653 68.525795	0.624 0.009 -0.347
weapon_ttt_smokegrenade	-2818.803223 581.836243 -126.422356	26.678 -90.009 90.063
weapon_ttt_smokegrenade	-2792.902344 663.490417 -123.429451	2.446 -0.126 -2.503
ttt_random_weapon	-2734.764893 530.904968 65.235321	1.476 4.973 -93.511	auto_ammo 2
ttt_random_weapon	-2587.038330 307.328644 -126.785820	1.455 3.550 -93.559	auto_ammo 2
ttt_random_weapon	-3408.983887 40.988808 -86.772285	1.562 4.984 -93.313	auto_ammo 2
ttt_random_weapon	-3390.187500 99.688820 -86.782555	1.679 4.988 -93.047	auto_ammo 2
ttt_random_weapon	-2821.357178 42.948517 -86.773888	1.580 4.986 -93.272	auto_ammo 2
ttt_random_weapon	-2876.098877 95.740974 -86.766312	1.495 4.975 -93.468	auto_ammo 2
ttt_random_weapon	-2967.851807 -976.330811 -80.915741	3.935 5.563 -92.917	auto_ammo 2
ttt_random_weapon	-2830.579346 -1082.511108 -86.829613	2.159 5.699 -92.141	auto_ammo 2
ttt_random_weapon	-2651.000732 -925.351501 -81.656425	-5.057 6.043 -93.725	auto_ammo 2
ttt_random_weapon	-2766.160156 -789.446960 -85.817818	3.377 3.037 -91.539	auto_ammo 2
ttt_random_weapon	-2433.076660 -1148.405640 -75.972473	1.236 3.379 -94.550	auto_ammo 2
ttt_random_weapon	-3684.838867 -1456.551025 -47.790924	2.164 3.608 -91.947	auto_ammo 2
ttt_random_weapon	-3687.194336 -1574.760498 -75.777405	-7.004 -1.249 176.317	auto_ammo 2
ttt_random_weapon	-3705.179688 -217.679184 25.207508	1.791 4.928 -92.791	auto_ammo 2
ttt_random_weapon	-3929.505615 -301.501221 385.211029	1.751 4.927 -92.882	auto_ammo 2
ttt_random_weapon	-3913.710693 -168.101593 385.199432	1.882 4.926 -92.582	auto_ammo 2
ttt_random_weapon	-3692.196045 -152.912018 889.222351	1.623 4.921 -93.173	auto_ammo 2
ttt_random_weapon	-3693.586914 -307.144928 889.197937	1.899 4.927 -92.543	auto_ammo 2
ttt_random_weapon	-3822.542725 -940.745911 1249.221069	1.637 4.921 -93.142	auto_ammo 2
ttt_random_weapon	-3670.371338 -617.564819 1249.221558	1.633 4.920 -93.152	auto_ammo 2
ttt_random_weapon	-3685.191162 -723.643616 1249.198608	1.891 4.926 -92.562	auto_ammo 2
ttt_random_weapon	-3677.663330 -855.479431 1249.200073	1.874 4.929 -92.600	auto_ammo 2
ttt_random_weapon	-4012.010498 -729.996277 1249.218506	1.666 4.922 -93.076	auto_ammo 2
ttt_random_weapon	-4021.005615 -599.238708 1249.221558	1.633 4.920 -93.152	auto_ammo 2
ttt_random_weapon	-4025.040039 -474.204834 1249.227173	1.568 4.916 -93.300	auto_ammo 2
ttt_random_weapon	-2631.702881 -222.225601 65.202278	1.850 4.928 -92.656	auto_ammo 2
ttt_random_weapon	-3160.121338 -344.993744 65.217651	1.676 4.924 -93.053	auto_ammo 2
ttt_random_weapon	-3489.788574 -239.632431 65.204971	1.819 4.928 -92.725	auto_ammo 2
ttt_random_weapon	-3847.451172 438.794861 65.204941	1.626 4.383 -92.946	auto_ammo 2
ttt_random_weapon	-3929.089111 443.540405 65.229187	1.546 4.982 -93.352	auto_ammo 2
ttt_random_weapon	-4025.903320 851.002991 65.226112	1.580 4.986 -93.272	auto_ammo 2
ttt_random_weapon	-4027.872803 682.159058 65.235123	1.478 4.973 -93.506	auto_ammo 2
ttt_random_weapon	-2712.737549 466.258789 65.222908	1.617 4.988 -93.189	auto_ammo 2
ttt_random_weapon	-2511.477051 353.201111 73.196098	1.919 4.783 -92.496	auto_ammo 2
ttt_random_weapon	-2352.575684 453.251129 65.229317	1.544 4.915 -93.355	auto_ammo 2
ttt_random_weapon	-2060.426758 629.162170 65.211029	1.751 4.927 -92.882	auto_ammo 2
ttt_random_weapon	-1944.726563 628.451050 65.226906	1.571 4.917 -93.293	auto_ammo 2
ttt_random_weapon	-1815.329956 681.682800 65.199417	1.882 4.926 -92.582	auto_ammo 2
ttt_random_weapon	-1644.248657 -114.135597 1.228450	1.554 4.916 -93.332	auto_ammo 2
ttt_random_weapon	-1612.126221 -368.899597 1.235783	1.471 4.908 -93.523	auto_ammo 2
ttt_random_weapon	-1261.706177 -373.270599 1.232662	1.506 4.912 -93.442	auto_ammo 2
ttt_random_weapon	-1267.694458 -118.136986 1.197915	1.899 4.927 -92.543	auto_ammo 2
ttt_random_weapon	-1466.110107 1626.349487 1.197946	1.602 4.493 -93.037	auto_ammo 2
ttt_random_weapon	-1359.783813 1646.773926 1.222314	1.623 4.921 -93.173	auto_ammo 2
ttt_random_weapon	-1620.911621 971.527771 1.196371	1.916 4.929 -92.503	auto_ammo 2
ttt_random_weapon	-1203.479004 973.418335 1.240482	1.418 4.903 -93.645	auto_ammo 2
ttt_random_weapon	-1601.586060 625.038269 65.219246	1.658 4.618 -93.094	auto_ammo 2
ttt_random_weapon	-3531.686768 980.782715 65.225433	1.588 4.986 -93.254	auto_ammo 2
ttt_random_weapon	-3409.530029 562.002747 65.230827	1.527 4.980 -93.394	auto_ammo 2
ttt_random_weapon	-3414.084961 458.151428 65.214539	1.712 4.981 -92.972	auto_ammo 2
ttt_random_weapon	-3800.791748 809.888000 197.210846	1.753 4.706 -92.877	auto_ammo 2
ttt_random_weapon	-3791.682129 818.405945 65.205399	1.814 4.776 -92.736	auto_ammo 2
ttt_random_weapon	-3627.047607 791.237610 65.203407	1.837 4.777 -92.685	auto_ammo 2
ttt_random_weapon	-4073.652100 -6.349815 -270.775635	1.514 5.412 -93.325	auto_ammo 2
ttt_random_weapon	-3738.581299 288.250641 -270.785004	1.586 5.422 -93.121	auto_ammo 2
ttt_random_weapon	-3517.804443 280.981995 -126.813644	1.777 4.955 -92.826	auto_ammo 2
ttt_random_weapon	-2411.743652 1200.896362 21.215260	1.703 4.926 -92.991	auto_ammo 2
ttt_random_weapon	-2228.186768 1485.761230 33.217186	1.681 4.924 -93.041	auto_ammo 2
ttt_random_weapon	-2624.189453 1031.977417 -126.781906	1.411 4.961 -93.660	auto_ammo 2
ttt_random_weapon	-2878.878174 813.588379 -94.785248	1.709 4.925 -92.978	auto_ammo 2
ttt_random_weapon	-3261.881836 804.713745 -94.785751	1.715 4.926 -92.965	auto_ammo 2
ttt_random_weapon	-2645.510254 1822.797485 33.229599	1.541 4.915 -93.362	auto_ammo 2
ttt_random_weapon	-2657.213867 1928.104736 33.213207	1.726 4.926 -92.938	auto_ammo 2
ttt_random_weapon	-3500.231445 2014.881104 21.207508	1.791 4.928 -92.791	auto_ammo 2
ttt_random_weapon	-3571.865479 2254.232666 21.211590	1.745 4.927 -92.896	auto_ammo 2
ttt_random_weapon	-3232.808105 1266.212280 33.197914	1.899 4.927 -92.543	auto_ammo 2
ttt_random_weapon	-3509.375244 438.121521 -70.800842	1.885 4.781 -92.575	auto_ammo 2
ttt_random_weapon	-4444.186523 335.099304 961.205566	1.812 4.928 -92.742	auto_ammo 2
ttt_random_weapon	-4040.206055 192.016968 961.199341	1.882 4.926 -92.582	auto_ammo 2
ttt_random_weapon	-3701.563721 89.970161 961.221497	1.632 4.921 -93.153	auto_ammo 2
ttt_random_weapon	-3814.708984 123.346107 1097.222168	1.625 4.691 -93.170	auto_ammo 2
ttt_random_weapon	-3760.045166 -57.917091 961.220642	1.642 4.922 -93.132	auto_ammo 2
ttt_random_weapon	-3832.881348 710.358459 961.231384	1.520 4.913 -93.410	auto_ammo 2
ttt_random_weapon	-3015.353516 1194.765503 21.193134	1.952 4.926 -92.420	auto_ammo 2
ttt_random_weapon	-3024.318604 1340.493408 21.193800	1.864 4.436 -92.529	auto_ammo 2
ttt_random_weapon	-2790.925049 1922.049438 33.231705	1.517 4.913 -93.417	auto_ammo 2
ttt_random_weapon	-2787.506836 1803.780762 33.197914	1.899 4.927 -92.543	auto_ammo 2
ttt_random_weapon	-3288.274414 1796.984619 33.205620	1.812 4.928 -92.742	auto_ammo 2
ttt_random_weapon	-3327.451416 1715.170532 33.221920	1.628 4.921 -93.163	auto_ammo 2
ttt_random_weapon	-3001.570068 -341.560150 65.221519	1.632 4.921 -93.153	auto_ammo 2
ttt_random_weapon	-2460.950439 -1436.950195 -74.048836	1.102 -0.515 -102.763	auto_ammo 2
ttt_random_weapon	-2477.708740 -439.237427 -86.806221	-2.797 2.895 -88.500	auto_ammo 2
ttt_random_weapon	-2477.504639 -494.960205 -89.201813	-7.051 -4.741 75.538	auto_ammo 2
ttt_random_weapon	-3689.283447 -979.672119 -86.766136	1.111 4.915 -94.622	auto_ammo 2
ttt_random_weapon	-3697.349365 -835.750488 -85.769791	-2.303 4.143 -93.388	auto_ammo 2
ttt_random_weapon	-2873.612793 666.468323 -126.788887	1.490 4.975 -93.479	auto_ammo 2
ttt_random_weapon	-2839.998535 231.139481 -126.792168	1.527 4.980 -93.394	auto_ammo 2
ttt_random_weapon	-3338.066895 232.110229 -126.791656	1.521 4.979 -93.407	auto_ammo 2
ttt_random_weapon	-3336.919678 704.842163 -126.793243	1.539 4.982 -93.366	auto_ammo 2
ttt_random_weapon	-3049.863770 101.320381 -86.787529	1.736 4.983 -92.917	auto_ammo 2
ttt_random_weapon	-3106.178223 107.693169 -86.768158	1.516 4.979 -93.420	auto_ammo 2
ttt_random_weapon	-3129.077637 937.236938 -38.772312	1.563 4.976 -93.313	auto_ammo 2
ttt_random_weapon	-3009.796631 936.101074 -38.780762	1.658 4.987 -93.094	auto_ammo 2
ttt_random_weapon	-2731.976074 1209.919434 21.193134	1.952 4.926 -92.420	auto_ammo 2
ttt_random_weapon	-2847.733887 1213.756226 21.213734	1.720 4.926 -92.952	auto_ammo 2
ttt_random_weapon	-3282.974121 2146.700195 33.230324	1.533 5.277 -93.381	auto_ammo 2
ttt_random_weapon	-3208.934326 2140.044678 33.205620	1.812 4.928 -92.742	auto_ammo 2
ttt_playerspawn	-3756.028076 720.066772 960.539734	-0.059 -0.000 0.059
ttt_playerspawn	-3837.975830 44.037388 960.561584	-0.037 -0.000 0.037
ttt_playerspawn	-4414.115723 289.449097 960.544922	-0.054 -0.000 0.054
ttt_playerspawn	-3794.049805 -836.463379 1248.527832	-0.070 -0.000 0.070
ttt_playerspawn	-3926.221924 -693.839417 1248.532104	-0.066 -0.000 0.066
ttt_playerspawn	-3800.672607 -518.733276 1248.533081	-0.065 -0.000 0.065
ttt_playerspawn	-3764.971191 -233.052216 -87.468208	-0.031 -0.000 0.031
ttt_playerspawn	-2787.481689 -202.835342 -87.476669	0.075 0.000 0.075
ttt_playerspawn	-3295.321045 -208.602554 -87.457565	-0.056 -0.000 0.056
ttt_playerspawn	-2979.951904 -1208.190796 -87.478561	-0.045 -0.139 0.044
ttt_playerspawn	-3174.536377 -1234.774170 -87.453995	0.378 -0.025 -0.200
ttt_playerspawn	-3055.664307 -981.836060 -78.912186	-2.883 -97.471 -0.252
ttt_playerspawn	-3273.775391 646.295227 -127.484764	-0.059 -0.000 0.059
ttt_playerspawn	-2881.874756 303.677002 -127.490608	-0.065 -0.000 0.065
ttt_playerspawn	-2237.222656 473.387146 64.577995	-0.021 -0.000 0.022
ttt_playerspawn	-1415.332764 1318.688721 0.529974	-0.068 -0.000 0.068
ttt_playerspawn	-1402.097168 -104.484322 0.554067	-0.045 -0.000 0.045
ttt_playerspawn	-3866.106201 504.708527 64.546066	-0.052 -0.000 0.052
ttt_playerspawn	-2711.585693 -268.734589 64.534058	-0.064 0.000 -0.064
ttt_playerspawn	-3459.955322 -300.335785 64.576630	-0.022 0.000 -0.023
ttt_playerspawn	-3624.921387 9.319762 -199.431549	0.031 0.000 0.031
ttt_playerspawn	-2925.783936 66.996681 -87.460838	-0.058 -0.000 0.058
ttt_playerspawn	-3237.463623 66.028580 -87.477432	-0.074 -0.000 0.074
ttt_playerspawn	-3111.797607 528.390625 -127.459473	-0.035 -0.000 0.035
ttt_playerspawn	-3376.363281 1958.827271 20.551218	-0.048 -0.000 0.048
ttt_playerspawn	-2576.706299 1451.970581 20.548189	-0.051 -0.000 0.051
ttt_playerspawn	-2903.258301 1937.223999 20.544973	-0.054 -0.000 0.054
ttt_playerspawn	-2237.043213 1033.314453 -55.475510	-0.074 -0.000 0.074
ttt_playerspawn	-3357.129883 1501.979248 20.528912	-0.069 -0.000 0.069
ttt_playerspawn	-2630.085693 506.744781 64.548447	-0.049 -0.000 0.049
ttt_playerspawn	-3522.091064 519.060486 64.517754	-0.079 -0.000 0.079
item_ammo_pistol_ttt	-3306.327393 -297.633484 -87.616402	-0.101 -0.020 -0.030
item_ammo_pistol_ttt	-3307.726563 -315.838898 -87.541885	0.734 0.062 -0.045
item_ammo_pistol_ttt	-3252.457031 -207.593811 83.520340	-83.665 82.679 0.472
item_ammo_pistol_ttt	-3251.546143 -168.162277 84.666756	-86.780 -77.942 173.030
item_ammo_pistol_ttt	-2870.676025 -203.372101 83.580299	-80.573 121.431 2.043
item_ammo_pistol_ttt	-2920.335449 -215.219513 84.488930	88.739 121.640 166.318
item_ammo_pistol_ttt	-2821.878662 -296.167877 -87.664246	-0.142 -0.019 -0.043
item_ammo_pistol_ttt	-2830.198730 -306.653229 -87.671799	-0.149 -0.018 -0.045
item_ammo_pistol_ttt	-3181.562744 986.948853 -39.594456	-0.081 -0.020 -0.025
item_ammo_pistol_ttt	-3184.073486 955.928711 -39.623581	-0.107 -0.020 -0.032
item_ammo_pistol_ttt	-2927.096436 960.538147 -39.669250	-0.147 -0.018 -0.044
item_ammo_pistol_ttt	-2957.920654 972.304321 -39.637226	-0.119 -0.019 -0.036
weapon_zm_molotov	-4145.430664 717.641174 68.519005	0.427 0.003 -0.116
weapon_zm_molotov	-4130.045898 716.952087 68.614151	1.904 -0.121 -1.949
weapon_zm_molotov	-2844.451904 583.615967 -123.421944	2.286 -0.125 -2.346
weapon_zm_molotov	-2861.481201 499.138672 -123.440910	2.835 -0.128 -2.921
weapon_zm_molotov	-2834.782227 457.013855 -123.499397	0.539 0.007 -0.249
weapon_zm_molotov	-2780.307129 356.698944 -123.518822	0.265 0.003 0.091
weapon_zm_molotov	-2727.320557 -295.272156 -83.430290	3.223 -0.143 -3.328
weapon_zm_molotov	-3162.458496 -324.664154 -83.439697	3.477 -0.130 -3.594
weapon_zm_molotov	-3352.672852 -288.150970 -83.474358	0.634 0.009 -0.347
weapon_zm_molotov	-3598.872559 -1518.719116 -75.419334	2.882 -0.130 -2.965
weapon_zm_molotov	-3710.072266 470.503693 964.576172	3.025 -0.136 -3.118
weapon_zm_molotov	-3708.018311 387.488800 964.598816	2.362 -0.128 -2.423
weapon_zm_molotov	-4030.974121 -845.409424 1252.536743	2.008 0.003 -1.881
weapon_zm_molotov	-3997.929199 -885.314392 1252.626587	1.618 -0.115 -1.664
weapon_zm_molotov	-3681.847168 -168.945450 172.535431	2.903 -0.019 -2.871
weapon_zm_molotov	-3929.181396 -231.968933 388.597961	2.466 -0.126 -2.545
weapon_zm_molotov	-3695.335205 -245.309967 748.565491	3.310 -0.129 -3.414
weapon_zm_molotov	-3078.394043 -283.639587 92.503685	-0.107 0.396 1.259
weapon_ttt_confgrenade	-3302.358398 460.812836 -124.462662	1.172 0.205 1.030
weapon_ttt_confgrenade	-3276.109375 511.731476 -124.481995	1.426 0.218 1.253
weapon_ttt_confgrenade	-3308.416992 571.519592 -124.450226	1.007 0.200 0.885
weapon_ttt_confgrenade	-3389.728027 672.052124 -124.460014	1.137 0.206 0.999
weapon_ttt_confgrenade	-2981.959473 -330.709656 -84.452553	1.349 0.225 1.160
weapon_ttt_confgrenade	-3205.676270 -329.705963 -84.457283	1.412 0.227 1.214
weapon_ttt_confgrenade	-3399.936279 -300.361053 -84.492592	1.695 0.144 -0.430
weapon_ttt_confgrenade	-3893.969482 -922.952576 1251.614136	0.098 -0.916 -0.337
weapon_ttt_confgrenade	-3768.415283 -476.071686 1251.515747	1.596 0.147 -0.404
weapon_ttt_confgrenade	-3684.503906 -257.307312 1035.576050	0.872 0.135 -0.221
weapon_ttt_confgrenade	-3930.663330 -240.722687 675.523560	1.502 0.154 -0.380
weapon_ttt_confgrenade	-3689.720703 -236.457031 171.599503	0.588 0.133 -0.149
item_ammo_revolver_ttt	-3077.756104 -254.334473 83.969093	76.684 15.075 -0.254
item_ammo_revolver_ttt	-3094.131592 -254.988724 82.595299	55.823 14.493 1.998
item_ammo_revolver_ttt	-3046.085938 -313.716400 -87.678322	0.448 0.068 0.059
item_ammo_revolver_ttt	-3046.988281 -325.394409 -87.659424	0.452 0.065 0.052
item_ammo_revolver_ttt	-3916.608643 -158.851089 1248.390259	0.462 0.055 0.032
item_ammo_revolver_ttt	-3939.271240 -164.451462 1248.372925	0.459 0.057 0.039
item_ammo_revolver_ttt	-3933.357178 -192.157486 1248.368408	0.458 0.057 0.041
item_ammo_revolver_ttt	-3063.778809 986.629639 -39.627087	0.458 0.056 0.039
item_ammo_revolver_ttt	-3077.035645 975.428833 -39.613434	0.461 0.054 0.034
weapon_zm_revolver	-3087.932373 -239.353683 72.937790	2.576 -20.724 -84.029
weapon_zm_revolver	-3067.431641 -324.056671 -86.105576	2.461 -20.332 -83.333
weapon_zm_revolver	-3933.858643 -171.261002 1249.885498	2.469 -20.319 -83.134
weapon_zm_revolver	-3087.519043 988.209595 -38.076736	2.552 -19.680 -83.770
weapon_ttt_glock	-3328.402344 -304.745453 -87.502037	-1.096 26.672 92.228
weapon_ttt_glock	-3271.990723 -195.921921 71.480377	-1.155 26.569 92.786
weapon_ttt_glock	-3208.684570 972.416016 -39.492088	-1.050 26.469 91.952
weapon_zm_pistol	-2899.391113 -208.773773 71.362457	0.241 36.746 89.291
weapon_zm_pistol	-2850.383545 -299.670227 -87.671616	-0.072 35.977 88.951
weapon_zm_pistol	-2928.969727 979.055481 -39.658924	0.285 36.867 88.822
