# Trouble in Terrorist Town weapon/ammo placement overrides
# For map: ttt_apehouse
# Exported by: Blockmaster2706
setting:	replacespawns 0
ttt_random_weapon	62.391880 3172.719238 1.205065	1.791 5.713 -92.898	auto_ammo 2
ttt_random_weapon	176.488785 3165.472900 1.166762	2.197 5.689 -92.062	auto_ammo 2
ttt_random_weapon	73.007202 3079.197021 1.193267	1.916 5.709 -92.640	auto_ammo 2
ttt_random_weapon	221.827972 3076.242920 1.229630	1.529 5.724 -93.436	auto_ammo 2
ttt_random_weapon	352.917114 3169.456299 1.190717	1.943 5.711 -92.585	auto_ammo 2
ttt_random_weapon	353.742828 3048.661621 1.190717	1.943 5.711 -92.585	auto_ammo 2
ttt_random_weapon	487.357117 3132.808105 1.185256	2.001 5.703 -92.465	auto_ammo 2
ttt_random_weapon	491.405121 3020.875732 1.218164	1.651 5.719 -93.185	auto_ammo 2
ttt_random_weapon	511.737946 2827.453369 1.219919	1.632 5.720 -93.224	auto_ammo 2
ttt_random_weapon	377.863098 2835.128906 1.193269	1.916 5.709 -92.640	auto_ammo 2
ttt_random_weapon	251.968338 2846.723877 1.191582	1.934 5.710 -92.604	auto_ammo 2
ttt_random_weapon	133.425079 2872.537354 1.216298	1.671 5.718 -93.144	auto_ammo 2
ttt_random_weapon	78.349442 3352.501465 1.164253	2.224 5.692 -92.008	auto_ammo 2
ttt_random_weapon	227.247009 3359.562988 1.234434	1.477 5.727 -93.542	auto_ammo 2
ttt_random_weapon	387.483551 3353.288086 1.188951	1.962 5.706 -92.546	auto_ammo 2
ttt_random_weapon	508.468445 3348.048340 1.219054	1.642 5.720 -93.205	auto_ammo 2
ttt_random_weapon	501.294800 3534.011230 1.226298	1.564 5.721 -93.363	auto_ammo 2
ttt_random_weapon	367.605347 3548.741943 1.159004	2.279 5.682 -91.893	auto_ammo 2
ttt_random_weapon	262.860565 3544.291504 1.216774	1.666 5.720 -93.155	auto_ammo 2
ttt_random_weapon	133.793442 3536.956055 1.166761	2.197 5.689 -92.062	auto_ammo 2
ttt_random_weapon	430.770294 -1057.468140 -5.921458	2.167 3.096 -93.594	auto_ammo 2
ttt_random_weapon	255.333557 -1061.204468 -5.824140	2.145 3.093 -93.614	auto_ammo 2
ttt_random_weapon	105.726761 -1060.446167 -5.837239	2.173 3.097 -93.590	auto_ammo 2
ttt_random_weapon	-59.271557 -1059.680664 -5.861178	2.163 3.096 -93.598	auto_ammo 2
ttt_random_weapon	-209.269135 -1058.984253 -5.878959	2.169 3.098 -93.593	auto_ammo 2
ttt_random_weapon	-381.767883 -1058.184326 -5.903146	2.162 3.095 -93.599	auto_ammo 2
ttt_random_weapon	-546.765503 -1057.418457 -5.912158	2.204 3.101 -93.561	auto_ammo 2
ttt_random_weapon	-704.264099 -1056.687500 -5.928778	2.217 3.103 -93.550	auto_ammo 2
ttt_random_weapon	-854.263977 -1055.991821 -5.969913	2.142 3.093 -93.617	auto_ammo 2
ttt_random_weapon	-1004.262695 -1055.295532 -5.978910	2.177 3.098 -93.585	auto_ammo 2
ttt_random_weapon	-996.132263 -759.694885 -22.788969	1.751 4.927 -92.882	auto_ammo 2
ttt_random_weapon	-808.632690 -759.573181 -22.786268	1.720 4.926 -92.952	auto_ammo 2
ttt_random_weapon	-651.135864 -759.464722 -22.765383	1.484 4.910 -93.492	auto_ammo 2
ttt_random_weapon	-508.635010 -759.374573 -22.770401	1.541 4.915 -93.362	auto_ammo 2
ttt_random_weapon	-366.133179 -759.287415 -22.782816	1.681 4.924 -93.041	auto_ammo 2
ttt_random_weapon	-208.634598 -759.182617 -22.773090	1.571 4.917 -93.293	auto_ammo 2
ttt_random_weapon	-81.142334 -759.093689 -22.792147	1.787 4.622 -92.800	auto_ammo 2
ttt_random_weapon	31.366955 -759.032104 -22.783764	1.692 4.925 -93.016	auto_ammo 2
ttt_random_weapon	181.366608 -758.934753 -22.781445	1.666 4.923 -93.076	auto_ammo 2
ttt_random_weapon	308.868256 -758.857422 -22.792494	1.791 4.928 -92.791	auto_ammo 2
