# Trouble in Terrorist Town weapon/ammo placement overrides
# For map: ttt_oldruins
# Exported by: Blockmaster2706
setting:	replacespawns 0
weapon_ttt_smokegrenade	805.276001 -2129.979980 -618.151001	0.000 0.000 0.000
weapon_ttt_smokegrenade	-186.494003 -116.681000 -616.151001	0.000 0.000 0.000
weapon_ttt_smokegrenade	766.125000 -1166.939941 -250.151001	0.000 0.000 0.000
weapon_ttt_smokegrenade	-88.628799 -388.787994 -890.151001	0.000 0.000 0.000
item_ammo_smg1_ttt	789.773987 -2125.000000 -618.414001	0.000 0.000 0.000
item_ammo_smg1_ttt	-102.000000 -400.000000 -890.414001	0.000 273.500 0.000
item_ammo_smg1_ttt	1569.000000 2023.000000 -891.528992	0.000 0.000 0.000
item_ammo_smg1_ttt	559.932007 -941.348022 -1187.660034	0.000 0.000 0.000
item_ammo_smg1_ttt	214.584000 -1371.239990 -1231.660034	0.000 0.000 0.000
item_ammo_smg1_ttt	186.164993 -1368.130005 -1231.660034	0.000 0.000 0.000
item_ammo_smg1_ttt	1316.489990 -490.566010 -1231.660034	0.000 0.000 0.000
item_ammo_smg1_ttt	1288.069946 -487.455994 -1231.660034	0.000 0.000 0.000
item_ammo_smg1_ttt	761.323792 72.571243 -895.608337	-0.110 0.005 0.061
item_ammo_smg1_ttt	759.924866 46.783188 -895.489624	0.338 -0.011 -0.283
item_ammo_smg1_ttt	741.817627 74.203644 -895.500183	0.839 -0.011 -0.626
item_ammo_smg1_ttt	742.126404 44.481625 -895.600708	-0.153 0.005 0.091
item_ammo_smg1_ttt	721.243164 72.243629 -895.484680	0.254 -0.014 -0.222
item_ammo_smg1_ttt	719.421082 41.514610 -895.478577	0.221 -0.015 -0.193
item_ammo_smg1_ttt	694.379333 75.734810 -895.598267	-0.171 0.005 0.103
item_ammo_smg1_ttt	693.034912 40.524143 -895.582031	-0.379 0.005 0.243
item_ammo_smg1_ttt	669.193726 75.474976 -895.499695	0.841 -0.012 -0.629
item_ammo_smg1_ttt	670.107056 47.538223 -895.502686	0.864 0.013 -0.641
item_ammo_smg1_ttt	643.990234 76.210770 -895.517334	-0.380 -0.001 -0.368
item_ammo_smg1_ttt	639.886108 44.285923 -895.498718	0.828 -0.011 -0.620
weapon_ttt_m16	578.728027 2385.340088 -419.316986	0.000 0.000 0.000
weapon_ttt_m16	-192.404999 -147.753998 -616.202026	0.000 88.500 0.000
weapon_ttt_m16	589.679016 -757.757996 -1227.319946	0.000 88.500 0.000
weapon_ttt_m16	519.661011 -1003.630005 -1183.319946	0.000 0.000 0.000
weapon_ttt_m16	-100.051003 -80.661301 -1227.319946	0.000 0.000 0.000
weapon_ttt_m16	810.851013 -2093.389893 -618.202026	0.000 272.000 0.000
weapon_ttt_m16	1701.390015 -203.546997 -1227.319946	0.000 88.500 0.000
weapon_ttt_m16	1014.390015 1365.760010 -1243.319946	0.000 88.500 0.000
weapon_ttt_m16	499.777008 -262.684998 -1227.319946	0.000 88.500 0.000
item_box_buckshot_ttt	767.473999 -113.917999 -1229.510010	0.000 0.000 0.000
item_box_buckshot_ttt	510.423004 -566.659973 -1205.000000	0.000 0.000 0.000
item_box_buckshot_ttt	1034.770020 -856.169006 -894.591980	0.000 0.000 0.000
item_box_buckshot_ttt	1017.710022 -854.427979 -894.591980	0.000 0.000 0.000
item_box_buckshot_ttt	866.043030 -1188.109985 -1230.589966	0.000 0.000 0.000
item_box_buckshot_ttt	883.109009 -1189.849976 -1230.589966	0.000 0.000 0.000
item_box_buckshot_ttt	1564.310059 2065.949951 -893.510986	0.000 271.500 0.000
item_box_buckshot_ttt	496.509003 -2104.659912 -1231.709961	0.000 0.000 0.000
item_box_buckshot_ttt	477.941010 -2111.189941 -1229.510010	0.000 0.000 0.000
item_box_buckshot_ttt	509.815002 -1073.000000 -1185.510010	0.000 0.000 0.000
item_box_buckshot_ttt	882.505981 1034.160034 -1253.000000	0.000 294.000 0.000
item_box_buckshot_ttt	841.671021 -1640.150024 -1229.510010	0.000 0.000 0.000
item_box_buckshot_ttt	1284.650024 -84.712898 -1229.510010	0.000 0.000 0.000
item_box_buckshot_ttt	-30.071297 -301.203613 -687.549561	-0.490 -0.007 0.435
item_box_buckshot_ttt	-31.196354 -313.990326 -687.630127	0.776 0.008 -0.536
weapon_zm_rifle	1432.000000 -582.000000 -1206.040039	0.000 0.000 0.000
weapon_zm_rifle	577.000000 -666.000000 -1207.000000	6.882 84.353 -77.503
weapon_zm_rifle	520.000000 -711.000000 -1169.000000	-14.718 120.151 -94.349
weapon_zm_rifle	610.000000 2401.340088 -1252.930054	0.000 179.000 0.000
weapon_zm_rifle	1813.000000 -1055.000000 -1228.930054	0.000 272.000 0.000
weapon_zm_rifle	912.000000 -453.000000 -1085.400024	-1.000 270.026 -91.500
weapon_zm_rifle	601.697937 2381.515137 -126.709534	0.260 -5.022 -88.918
weapon_zm_rifle	690.948608 -1247.141357 -254.641098	2.983 14.030 67.191
weapon_zm_rifle	776.137329 -1198.923584 -248.727554	-1.375 88.172 -94.560
weapon_zm_rifle	15.958617 -41.625710 -318.710541	0.270 -5.466 -88.894
weapon_zm_mac10	193.608994 -1337.689941 -1227.530029	0.000 0.000 0.000
weapon_zm_mac10	-84.000000 -392.000000 -890.414001	0.000 273.500 0.000
weapon_zm_mac10	1568.000000 2040.000000 -891.528992	0.000 0.000 0.000
weapon_zm_mac10	789.122009 -2111.479980 -618.414001	0.000 0.000 0.000
weapon_zm_mac10	526.000000 -964.000000 -1183.530029	0.000 0.000 0.000
weapon_zm_mac10	1295.510010 -457.015991 -1227.530029	0.000 0.000 0.000
item_ammo_357_ttt	1416.000000 -590.000000 -1206.040039	0.000 0.000 0.000
item_ammo_357_ttt	1398.000000 -590.000000 -1207.719971	0.000 0.000 0.000
item_ammo_357_ttt	514.763000 -606.000000 -1192.000000	0.000 0.000 0.000
item_ammo_357_ttt	531.512024 -605.898010 -1201.250000	0.000 0.000 0.000
item_ammo_357_ttt	478.492004 -693.814026 -1171.630005	0.000 38.000 0.000
item_ammo_357_ttt	490.428009 -708.844971 -1170.949951	0.000 38.000 0.000
item_ammo_357_ttt	629.343018 2391.000000 -1254.609985	0.000 179.000 0.000
item_ammo_357_ttt	611.346008 2391.310059 -1252.930054	0.000 179.000 0.000
item_ammo_357_ttt	1806.310059 -1033.140015 -1230.609985	0.000 272.000 0.000
item_ammo_357_ttt	1820.489990 -1032.780029 -1230.609985	0.000 272.000 0.000
item_ammo_357_ttt	654.580078 2374.633789 -127.617302	0.460 0.055 0.035
item_ammo_357_ttt	618.083313 2360.347900 -127.655586	0.453 0.061 0.050
item_ammo_357_ttt	786.900513 -1169.012329 -254.476868	0.153 -0.099 0.339
item_ammo_357_ttt	786.199768 -1189.230103 -254.490356	0.082 -0.104 0.412
item_ammo_357_ttt	31.067902 -98.439285 -319.667542	0.450 0.064 0.055
item_ammo_357_ttt	-11.362619 -68.716705 -319.631592	0.457 0.057 0.041
item_ammo_pistol_ttt	970.728027 44.062901 -617.137024	0.000 0.000 0.000
item_ammo_pistol_ttt	-135.770996 -32.344501 -619.137024	0.000 0.000 0.000
item_ammo_pistol_ttt	574.023010 2369.750000 -423.720001	0.000 0.000 0.000
item_ammo_pistol_ttt	-176.942993 -152.865997 -620.604980	0.000 88.500 0.000
item_ammo_pistol_ttt	605.140991 -762.869995 -1231.719971	0.000 88.500 0.000
item_ammo_pistol_ttt	527.497009 -1027.739990 -1187.719971	0.000 0.000 0.000
item_ammo_pistol_ttt	-104.761002 -96.250298 -1231.719971	0.000 0.000 0.000
item_ammo_pistol_ttt	795.106995 -2089.219971 -622.604980	0.000 272.000 0.000
item_ammo_pistol_ttt	1716.849976 -208.658997 -1231.719971	0.000 88.500 0.000
item_ammo_pistol_ttt	1029.849976 1360.650024 -1247.719971	0.000 88.500 0.000
item_ammo_pistol_ttt	515.239014 -267.796997 -1231.719971	0.000 88.500 0.000
item_ammo_pistol_ttt	842.745850 69.025131 -895.674438	-0.151 -0.018 -0.046
item_ammo_pistol_ttt	840.893860 34.364609 -895.643555	-0.124 -0.019 -0.038
item_ammo_pistol_ttt	829.321533 74.631927 -895.635193	-0.117 -0.019 -0.035
item_ammo_pistol_ttt	828.150085 34.685005 -895.643555	-0.124 -0.019 -0.038
item_ammo_pistol_ttt	814.902039 78.091766 -895.685181	-0.161 -0.017 -0.049
item_ammo_pistol_ttt	814.589661 38.831306 -895.616394	-0.101 -0.020 -0.030
item_ammo_pistol_ttt	801.954773 78.901169 -895.650146	-0.130 -0.019 -0.039
item_ammo_pistol_ttt	801.517761 43.412800 -895.666748	-0.145 -0.018 -0.044
item_ammo_pistol_ttt	789.546570 77.933411 -895.659424	-0.138 -0.019 -0.042
item_ammo_pistol_ttt	790.425842 44.160702 -895.586365	-0.074 -0.020 -0.022
item_ammo_pistol_ttt	780.592102 77.746529 -895.631226	-0.114 -0.020 -0.034
item_ammo_pistol_ttt	781.574707 45.558346 -895.623596	-0.107 -0.020 -0.032
weapon_zm_molotov	1146.359985 668.132996 -891.265991	0.000 0.000 0.000
weapon_zm_molotov	566.184998 2302.000000 -265.776001	0.000 0.000 0.000
weapon_zm_molotov	526.728027 -624.091980 -1196.000000	0.000 0.000 0.000
weapon_zm_molotov	530.148987 -688.898987 -1194.949951	0.000 0.000 0.000
weapon_zm_molotov	801.986023 -2098.290039 -618.151001	0.000 0.000 0.000
weapon_zm_molotov	794.784973 -2100.520020 -618.151001	0.000 0.000 0.000
weapon_zm_molotov	-167.065002 -114.672997 -616.151001	0.000 0.000 0.000
weapon_zm_molotov	-188.264008 -133.979996 -616.151001	0.000 0.000 0.000
weapon_zm_molotov	-167.417999 -133.378006 -616.151001	0.000 0.000 0.000
weapon_zm_molotov	785.554016 -1164.930054 -250.151001	0.000 0.000 0.000
weapon_zm_molotov	764.354980 -1184.239990 -250.151001	0.000 0.000 0.000
weapon_zm_molotov	785.200989 -1183.640015 -250.151001	0.000 0.000 0.000
weapon_zm_molotov	1015.820007 -864.289001 -890.151001	0.000 0.000 0.000
weapon_zm_molotov	1055.930054 -844.286011 -890.151001	0.000 0.000 0.000
weapon_zm_molotov	808.903015 -2117.500000 -618.151001	0.000 0.000 0.000
weapon_zm_molotov	868.090027 -1199.599976 -1226.150024	0.000 0.000 0.000
weapon_zm_molotov	886.739014 -1199.780029 -1226.150024	0.000 0.000 0.000
weapon_zm_molotov	1578.479980 2055.429932 -891.265991	0.000 0.000 0.000
weapon_zm_molotov	1567.300049 2055.820068 -891.265991	0.000 0.000 0.000
weapon_zm_molotov	1567.329956 2047.310059 -891.265991	0.000 0.000 0.000
weapon_zm_molotov	1579.020020 2048.399902 -891.265991	0.000 0.000 0.000
weapon_zm_molotov	498.247986 -743.291016 -1175.430054	0.000 0.000 0.000
weapon_zm_molotov	492.675995 -679.666992 -1173.069946	0.000 0.000 0.000
weapon_zm_molotov	-72.648697 -413.914001 -890.151001	0.000 0.000 0.000
weapon_zm_molotov	688.208984 2395.659912 -831.265991	0.000 0.000 0.000
weapon_zm_molotov	588.406006 2378.870117 -1250.160034	0.000 0.000 0.000
weapon_zm_molotov	587.864014 2390.399902 -1250.160034	0.000 0.000 0.000
weapon_zm_molotov	1825.140015 -1086.540039 -1226.150024	0.000 0.000 0.000
weapon_zm_molotov	1799.489990 -1084.520020 -1226.150024	0.000 0.000 0.000
weapon_ttt_confgrenade	1746.579956 -1765.560059 -620.513000	0.000 0.000 0.000
weapon_ttt_confgrenade	780.192017 -2119.510010 -619.398010	0.000 0.000 0.000
weapon_ttt_confgrenade	-184.184006 -143.692993 -617.398010	0.000 0.000 0.000
weapon_ttt_confgrenade	768.434998 -1193.949951 -251.397995	0.000 0.000 0.000
weapon_ttt_confgrenade	855.684998 -1197.589966 -1227.400024	0.000 0.000 0.000
weapon_ttt_confgrenade	-106.782997 -418.175995 -891.398010	0.000 0.000 0.000
weapon_ttt_confgrenade	1062.510010 -865.081970 -891.398010	0.000 0.000 0.000
item_ammo_revolver_ttt	687.000000 2303.000000 -270.234009	0.000 0.000 0.000
item_ammo_revolver_ttt	-142.167999 -84.383698 -318.002014	0.000 0.000 0.000
item_ammo_revolver_ttt	-142.848999 -63.506699 -319.723999	0.000 0.000 0.000
item_ammo_revolver_ttt	531.151001 2198.149902 -126.001999	0.000 0.000 0.000
item_ammo_revolver_ttt	530.469971 2219.020020 -127.723999	0.000 0.000 0.000
item_ammo_revolver_ttt	1784.869995 -1638.199951 -463.723999	0.000 0.000 0.000
item_ammo_revolver_ttt	1737.589966 -15.848900 -413.002014	0.000 0.000 0.000
item_ammo_revolver_ttt	-97.667801 -415.466003 -892.887024	0.000 0.000 0.000
item_ammo_revolver_ttt	1043.540039 -864.000000 -892.887024	0.000 351.004 0.000
item_ammo_revolver_ttt	-531.375977 -966.602600 -895.633118	0.457 0.058 0.042
item_ammo_revolver_ttt	-506.532867 -966.401001 -895.622742	0.459 0.056 0.037
item_ammo_revolver_ttt	-537.886902 -868.843750 -895.642944	0.455 0.059 0.046
item_ammo_revolver_ttt	-509.596313 -873.390381 -895.653687	0.453 0.061 0.050
item_ammo_revolver_ttt	-526.280701 -753.819031 -895.633118	0.457 0.058 0.042
item_ammo_revolver_ttt	-504.736969 -763.334045 -895.637939	0.456 0.058 0.044
item_ammo_revolver_ttt	-442.534210 -719.197144 -895.633118	0.457 0.058 0.042
item_ammo_revolver_ttt	-415.567261 -727.435120 -895.636292	0.456 0.058 0.043
item_ammo_revolver_ttt	-428.899261 -800.559021 -899.105530	-0.931 0.275 0.500
item_ammo_revolver_ttt	-406.736450 -802.185791 -898.594910	-1.138 0.228 0.569
item_ammo_revolver_ttt	-427.193451 -883.108215 -895.661438	0.451 0.064 0.053
item_ammo_revolver_ttt	-407.396912 -881.590393 -895.673950	0.449 0.068 0.058
item_ammo_revolver_ttt	-429.430054 -949.371033 -895.613403	0.461 0.055 0.034
item_ammo_revolver_ttt	-408.929230 -949.689941 -895.671753	0.449 0.068 0.057
item_ammo_revolver_ttt	605.975647 -1699.790039 -623.596863	0.479 -0.015 -0.038
item_ammo_revolver_ttt	614.414795 -1745.638428 -623.667542	0.450 0.064 0.055
item_ammo_revolver_ttt	1387.226807 -1765.977905 -623.633118	0.457 0.058 0.042
item_ammo_revolver_ttt	1419.727051 -1728.381836 -623.605042	0.463 0.054 0.030
item_ammo_revolver_ttt	-45.154980 -1149.690552 -859.661438	0.451 0.064 0.053
item_ammo_revolver_ttt	-34.092636 -1123.343750 -859.625610	0.459 0.057 0.039
weapon_zm_shotgun	773.658997 -90.257599 -1229.510010	0.000 0.000 0.000
weapon_zm_shotgun	516.607971 -543.000000 -1205.000000	0.000 0.000 0.000
weapon_zm_shotgun	1020.809998 -844.810974 -892.395996	0.000 0.000 0.000
weapon_zm_shotgun	869.145996 -1178.489990 -1228.400024	0.000 0.000 0.000
weapon_zm_shotgun	1588.130005 2060.379883 -893.510986	0.000 271.500 0.000
weapon_zm_shotgun	484.126007 -2087.520020 -1229.510010	0.000 0.000 0.000
weapon_zm_shotgun	516.000000 -1049.339966 -1185.510010	0.000 0.000 0.000
weapon_zm_shotgun	897.000000 1023.000000 -1252.140015	1.879 268.874 -98.891
weapon_zm_shotgun	847.861023 -1616.489990 -1229.510010	0.000 0.000 0.000
weapon_zm_shotgun	1290.839966 -61.052502 -1229.510010	0.000 0.000 0.000
weapon_zm_shotgun	-34.112869 -253.712387 -687.026367	-0.611 -91.107 -83.954
weapon_zm_sledge	-371.808014 -55.964199 -876.390015	0.000 0.000 0.000
weapon_zm_sledge	619.236023 2428.639893 -588.142029	0.000 0.000 0.000
weapon_zm_sledge	522.299011 -653.447998 -1197.189941	0.000 310.500 0.000
weapon_zm_sledge	1683.229980 -1615.979980 -1228.140015	0.000 310.500 0.000
weapon_zm_sledge	1029.770020 71.343803 -1228.140015	0.000 310.500 0.000
weapon_zm_sledge	-602.590393 -1829.684448 -608.344177	28.850 30.351 104.282
weapon_zm_sledge	-687.718445 -1789.112061 -568.364685	27.579 0.346 4.068
weapon_zm_sledge	-747.326050 -1769.523804 -567.617249	18.202 1.335 3.035
weapon_zm_sledge	-724.526001 -1704.011353 -586.873779	6.951 -8.926 -13.080
weapon_zm_sledge	-674.417358 -1694.112427 -586.431213	-5.087 -34.536 -146.110
weapon_zm_sledge	-597.423950 -1740.048950 -618.238525	15.843 -16.755 59.435
weapon_zm_sledge	-691.073120 -1740.960327 -574.247131	21.320 -8.696 -11.887
weapon_zm_sledge	-593.033813 -1753.414307 -613.289429	17.319 -58.888 -102.218
weapon_zm_sledge	-731.670898 -1727.861206 -563.408569	50.482 -2.758 -3.622
weapon_zm_sledge	-734.860474 -1794.479248 -568.871826	16.641 0.829 3.508
weapon_zm_sledge	-770.973389 -1730.228149 -567.627319	18.182 1.281 3.153
weapon_zm_revolver	695.000000 2303.000000 -268.511993	0.000 0.000 -90.000
weapon_zm_revolver	428.270996 -738.000000 -1202.000000	0.000 0.000 0.000
weapon_zm_revolver	-115.000000 -60.643600 -318.002014	0.000 0.000 0.000
weapon_zm_revolver	558.318970 2221.889893 -126.001999	0.000 0.000 0.000
weapon_zm_revolver	1803.000000 -1647.000000 -462.002014	0.000 0.000 0.000
weapon_zm_revolver	1764.760010 7.890950 -413.002014	0.000 0.000 0.000
weapon_zm_revolver	-70.497902 -391.726013 -892.887024	0.000 0.000 0.000
weapon_zm_revolver	1051.000000 -849.106995 -892.887024	0.000 351.004 0.000
weapon_zm_revolver	-525.202820 -945.638184 -894.056580	2.694 -20.128 -83.933
weapon_zm_revolver	-524.437378 -858.000916 -894.053162	2.659 -20.144 -84.068
weapon_zm_revolver	-516.283630 -747.002075 -894.053955	2.667 -20.138 -84.036
weapon_zm_revolver	-433.360107 -737.669434 -894.050842	2.635 -20.152 -84.159
weapon_zm_revolver	-426.672241 -821.692993 -894.065491	2.783 -20.091 -83.584
weapon_zm_revolver	-424.920471 -892.545593 -894.059998	2.728 -20.116 -83.800
weapon_zm_revolver	-426.079315 -958.897156 -894.053589	2.663 -20.143 -84.052
weapon_zm_revolver	646.264771 -1701.054810 -622.049377	2.621 -20.158 -84.216
weapon_zm_revolver	1426.861938 -1753.606201 -622.066040	2.790 -20.089 -83.561
weapon_zm_revolver	-16.245497 -1137.923584 -858.056152	2.689 -20.129 -83.951
weapon_ttt_glock	978.400024 42.477699 -618.067993	0.000 0.000 0.000
weapon_ttt_glock	-128.098999 -33.929699 -620.067993	0.000 0.000 0.000
