# Trouble in Terrorist Town weapon/ammo placement overrides
# For map: ttt_floatinghouse_v3_b2
# Exported by: Blockmaster2706
setting:	replacespawns 0
ttt_random_weapon	231.287003 -16.963699 8.000000	0.000 0.000 0.000	auto_ammo 2
ttt_random_weapon	153.283005 -15.874600 8.000000	0.000 0.000 0.000	auto_ammo 2
ttt_random_weapon	189.214005 -19.386200 8.000000	0.000 0.000 0.000	auto_ammo 2
ttt_random_weapon	205.496994 301.209991 136.000000	0.000 0.000 0.000	auto_ammo 2
ttt_random_weapon	230.727005 298.214996 136.000000	0.000 0.000 0.000	auto_ammo 2
ttt_random_weapon	4.118790 269.678986 201.873001	0.000 0.000 0.000	auto_ammo 2
ttt_random_weapon	31.300100 266.408997 201.873001	0.000 0.000 0.000	auto_ammo 2
ttt_random_weapon	35.708599 145.520004 136.000000	0.000 0.000 0.000	auto_ammo 2
ttt_random_weapon	84.871803 357.834991 136.000000	0.000 0.000 0.000	auto_ammo 2
ttt_random_weapon	16.629000 336.096985 136.000000	0.000 0.000 0.000	auto_ammo 2
ttt_random_weapon	20.085800 388.996002 136.000000	0.000 0.000 0.000	auto_ammo 2
ttt_random_weapon	56.613899 373.242004 136.000000	0.000 0.000 0.000	auto_ammo 2
ttt_random_weapon	-13.505900 371.654999 136.000000	0.000 0.000 0.000	auto_ammo 2
ttt_random_weapon	-92.666702 266.317993 8.000000	0.000 0.000 0.000	auto_ammo 2
ttt_random_weapon	-42.272598 206.257004 8.000010	0.000 0.000 0.000	auto_ammo 2
ttt_random_weapon	-19.624100 259.691986 8.000000	0.000 0.000 0.000	auto_ammo 2
ttt_random_weapon	-36.573799 323.959015 8.000010	0.000 0.000 0.000	auto_ammo 2
ttt_random_weapon	-163.600006 323.532013 44.000000	0.000 0.000 0.000	auto_ammo 2
ttt_random_weapon	63.384701 209.796005 45.820999	0.000 0.000 0.000	auto_ammo 2
ttt_random_weapon	182.248001 361.799011 8.000000	0.000 0.000 0.000	auto_ammo 2
ttt_random_weapon	181.494003 339.376007 7.999990	0.000 0.000 0.000	auto_ammo 2
ttt_random_weapon	-49.251999 -16.774700 8.000000	0.000 0.000 0.000	auto_ammo 2
ttt_random_weapon	-13.612800 -18.568501 8.000030	0.000 0.000 0.000	auto_ammo 2
ttt_random_weapon	37.793598 -14.769100 8.000030	0.000 0.000 0.000	auto_ammo 2
ttt_random_weapon	399.420013 216.285995 -21.781000	0.000 0.000 0.000	auto_ammo 2
ttt_random_weapon	401.614014 168.119003 -21.781000	0.000 0.000 0.000	auto_ammo 2
ttt_random_weapon	403.707001 119.732002 -21.781000	0.000 0.000 0.000	auto_ammo 2
ttt_random_weapon	619.281982 242.681000 13.847400	0.000 0.000 0.000	auto_ammo 2
ttt_random_weapon	454.088013 133.035995 -147.000000	0.000 0.000 0.000	auto_ammo 2
ttt_random_weapon	411.342987 130.688004 -147.000000	0.000 0.000 0.000	auto_ammo 2
ttt_random_weapon	369.420990 128.363007 -147.000000	0.000 0.000 0.000	auto_ammo 2
ttt_random_weapon	3.966840 145.505005 136.000000	0.000 0.000 0.000	auto_ammo 2
ttt_random_weapon	52.574699 18.197100 8.000000	0.000 0.000 0.000	auto_ammo 2
ttt_random_weapon	29.994600 16.209900 8.000000	0.000 0.000 0.000	auto_ammo 2
ttt_random_weapon	5.701390 14.725400 8.000000	0.000 0.000 0.000	auto_ammo 2
ttt_random_weapon	-9.348980 364.835999 8.000000	0.000 0.000 0.000	auto_ammo 2
ttt_random_weapon	19.271200 362.558014 8.000000	0.000 0.000 0.000	auto_ammo 2
ttt_random_weapon	41.048901 366.221008 8.000000	0.000 0.000 0.000	auto_ammo 2
ttt_random_weapon	74.937599 368.576996 8.000000	0.000 0.000 0.000	auto_ammo 2
ttt_random_weapon	-125.871002 314.427002 8.000000	0.000 0.000 0.000	auto_ammo 2
ttt_random_weapon	-122.487999 236.667007 8.000000	0.000 0.000 0.000	auto_ammo 2
ttt_random_weapon	-122.863998 281.162994 8.000000	0.000 0.000 0.000	auto_ammo 2
ttt_random_weapon	-64.730202 320.299011 8.000000	0.000 0.000 0.000	auto_ammo 2
ttt_random_weapon	-36.403000 263.489990 8.000000	0.000 0.000 0.000	auto_ammo 2
ttt_random_weapon	-89.883102 214.815002 8.000000	0.000 0.000 0.000	auto_ammo 2
ttt_random_weapon	-6.008940 202.559998 8.000000	0.000 0.000 0.000	auto_ammo 2
ttt_random_weapon	188.339005 330.799011 -147.000000	0.000 0.000 0.000	auto_ammo 2
ttt_random_weapon	227.792007 328.794006 -147.000000	0.000 0.000 0.000	auto_ammo 2
ttt_random_weapon	251.682999 328.500000 -147.000000	0.000 0.000 0.000	auto_ammo 2
ttt_random_weapon	291.820007 326.919006 -147.000000	0.000 0.000 0.000	auto_ammo 2
ttt_random_weapon	329.601990 328.273987 -147.000000	0.000 0.000 0.000	auto_ammo 2
ttt_random_weapon	373.921997 332.704987 -147.000000	0.000 0.000 0.000	auto_ammo 2
ttt_random_weapon	406.792999 87.532501 -21.781000	0.000 0.000 0.000	auto_ammo 2
ttt_random_weapon	406.255005 57.593601 -21.781000	0.000 0.000 0.000	auto_ammo 2
ttt_random_weapon	619.320984 217.195007 13.847400	0.000 0.000 0.000	auto_ammo 2
ttt_random_weapon	163.973007 902.624023 215.000000	0.000 0.000 0.000	auto_ammo 2
ttt_random_weapon	128.880997 897.270996 215.000000	0.000 0.000 0.000	auto_ammo 2
ttt_random_weapon	85.926804 900.778015 215.000000	0.000 0.000 0.000	auto_ammo 2
ttt_random_weapon	56.889999 900.776001 215.000000	0.000 0.000 0.000	auto_ammo 2
ttt_random_weapon	270.516998 867.273010 255.000000	0.000 0.000 0.000	auto_ammo 2
ttt_random_weapon	-39.246300 866.120972 255.000000	0.000 0.000 0.000	auto_ammo 2
ttt_random_weapon	-51.436401 1346.719971 255.000000	0.000 0.000 0.000	auto_ammo 2
ttt_random_weapon	54.873798 1316.810059 215.000000	0.000 0.000 0.000	auto_ammo 2
ttt_random_weapon	91.216103 1315.469971 215.000000	0.000 0.000 0.000	auto_ammo 2
ttt_random_weapon	119.879997 1323.699951 215.000000	0.000 0.000 0.000	auto_ammo 2
ttt_random_weapon	152.617004 1322.959961 215.000000	0.000 0.000 0.000	auto_ammo 2
ttt_random_weapon	270.505005 1341.099976 255.000000	0.000 0.000 0.000	auto_ammo 2
ttt_random_weapon	394.516998 897.747009 349.000000	0.000 0.000 0.000	auto_ammo 2
ttt_random_weapon	422.242004 894.590027 349.000000	0.000 0.000 0.000	auto_ammo 2
ttt_random_weapon	379.221008 1309.030029 349.000000	0.000 0.000 0.000	auto_ammo 2
ttt_random_weapon	399.006012 1315.969971 349.000000	0.000 0.000 0.000	auto_ammo 2
ttt_random_weapon	-193.421997 1310.079956 349.000000	0.000 0.000 0.000	auto_ammo 2
ttt_random_weapon	-167.233002 1310.660034 349.000000	0.000 0.000 0.000	auto_ammo 2
ttt_random_weapon	-193.490005 900.619019 349.000000	0.000 0.000 0.000	auto_ammo 2
ttt_random_weapon	-160.266998 897.619995 349.000000	0.000 0.000 0.000	auto_ammo 2
ttt_random_weapon	-354.061005 1052.319946 215.000000	0.000 0.000 0.000	auto_ammo 2
ttt_random_weapon	-359.088013 1103.780029 215.000000	0.000 0.000 0.000	auto_ammo 2
ttt_random_weapon	-365.757996 1148.900024 215.000000	0.000 0.000 0.000	auto_ammo 2
ttt_random_weapon	572.987000 1146.199951 215.000000	0.000 0.000 0.000	auto_ammo 2
ttt_random_weapon	576.234985 1101.750000 215.000000	0.000 0.000 0.000	auto_ammo 2
ttt_random_weapon	575.416016 1062.229980 215.000000	0.000 0.000 0.000	auto_ammo 2
ttt_random_weapon	336.355011 1405.930054 183.000000	0.000 0.000 0.000	auto_ammo 2
ttt_random_weapon	211.126999 1413.810059 183.000000	0.000 0.000 0.000	auto_ammo 2
ttt_random_weapon	54.300701 1410.349976 183.000000	0.000 0.000 0.000	auto_ammo 2
ttt_random_weapon	-90.475304 1413.650024 183.000000	0.000 0.000 0.000	auto_ammo 2
ttt_random_weapon	325.792999 193.729996 -24.000000	0.000 0.000 0.000	auto_ammo 2
ttt_random_weapon	328.925995 259.770996 -24.000000	0.000 0.000 0.000	auto_ammo 2
ttt_random_weapon	329.079010 336.352997 -24.000000	0.000 0.000 0.000	auto_ammo 2
ttt_random_weapon	904.392029 912.245972 247.048004	0.000 0.000 0.000	auto_ammo 2
ttt_random_weapon	900.908020 1345.369995 247.048004	0.000 0.000 0.000	auto_ammo 2
ttt_random_weapon	909.549011 1288.560059 247.048004	0.000 0.000 0.000	auto_ammo 2
ttt_random_weapon	908.096985 1216.119995 247.048004	0.000 0.000 0.000	auto_ammo 2
ttt_random_weapon	908.096985 1031.530029 247.048004	0.000 0.000 0.000	auto_ammo 2
ttt_random_weapon	908.096008 967.815002 247.048004	0.000 0.000 0.000	auto_ammo 2
ttt_random_weapon	1529.189941 1042.229980 313.372986	0.000 0.000 0.000	auto_ammo 2
ttt_random_weapon	1529.010010 1101.839966 313.372986	0.000 0.000 0.000	auto_ammo 2
ttt_random_weapon	1525.589966 1171.859985 313.372986	0.000 0.000 0.000	auto_ammo 2
ttt_random_weapon	1214.550049 900.237976 441.372986	0.000 0.000 0.000	auto_ammo 2
ttt_random_weapon	1413.560059 1124.060059 577.372986	0.000 0.000 0.000	auto_ammo 2
ttt_random_weapon	1387.060059 1120.550049 833.372986	0.000 0.000 0.000	auto_ammo 2
ttt_random_weapon	1403.390015 1109.420044 1089.369995	0.000 0.000 0.000	auto_ammo 2
ttt_random_weapon	1434.949951 1115.000000 1217.369995	0.000 0.000 0.000	auto_ammo 2
ttt_random_weapon	1317.800049 1235.709961 1217.369995	0.000 0.000 0.000	auto_ammo 2
ttt_random_weapon	1231.349976 916.687988 313.372986	0.000 0.000 0.000	auto_ammo 2
ttt_random_weapon	1316.900024 1227.310059 576.369995	0.000 0.000 0.000	auto_ammo 2
ttt_random_weapon	1209.319946 1012.010010 576.369995	0.000 0.000 0.000	auto_ammo 2
ttt_random_weapon	1208.430054 974.643982 576.369995	0.000 0.000 0.000	auto_ammo 2
ttt_random_weapon	1206.449951 928.229004 576.369995	0.000 0.000 0.000	auto_ammo 2
ttt_random_weapon	1204.609985 887.598999 576.369995	0.000 0.000 0.000	auto_ammo 2
ttt_random_weapon	557.898010 649.072998 184.373001	0.000 0.000 0.000	auto_ammo 2
ttt_random_weapon	-145.388000 648.770996 184.373001	0.000 0.000 0.000	auto_ammo 2
weapon_zm_rifle	535.401001 863.031982 383.000000	0.000 0.000 0.000
weapon_zm_rifle	456.927002 864.085022 383.000000	0.000 0.000 0.000
weapon_zm_rifle	455.752991 1340.689941 383.000000	0.000 0.000 0.000
weapon_zm_rifle	522.453003 1343.040039 383.000000	0.000 0.000 0.000
weapon_zm_rifle	-247.067001 1340.530029 383.000000	0.000 0.000 0.000
weapon_zm_rifle	-310.618988 1343.790039 383.000000	0.000 0.000 0.000
weapon_zm_rifle	-302.716003 867.219971 383.000000	0.000 0.000 0.000
weapon_zm_rifle	-240.841995 865.536987 383.000000	0.000 0.000 0.000
weapon_zm_rifle	203.945999 1066.150024 713.575012	0.000 0.000 0.000
weapon_zm_rifle	12.579200 1057.180054 709.086975	0.000 0.000 0.000
weapon_zm_rifle	15.554900 1137.430054 716.786011	0.000 0.000 0.000
weapon_zm_rifle	195.589005 1141.530029 714.734009	0.000 0.000 0.000
weapon_zm_rifle	1288.810059 1001.809998 1209.959961	0.000 0.000 0.000
weapon_zm_rifle	1345.920044 999.986023 1209.959961	0.000 0.000 0.000
