# Trouble in Terrorist Town weapon/ammo placement overrides
# For map: ttt_waterworld_remastered_2020
# Exported by: Blockmaster2706
setting:	replacespawns 1
ttt_random_weapon	436.678986 -593.427979 -165.626999	0.000 0.000 0.000	auto_ammo 2
ttt_random_weapon	1923.689941 -2883.199951 -246.626999	0.000 0.000 0.000	auto_ammo 2
ttt_random_weapon	-1233.479980 -2944.439941 -215.119995	0.000 0.000 0.000	auto_ammo 2
ttt_random_weapon	-1271.619995 -2936.879883 -215.117996	0.000 0.000 0.000	auto_ammo 2
ttt_random_weapon	-3274.820068 -804.911987 -246.626999	0.000 0.000 0.000	auto_ammo 2
ttt_random_weapon	-1058.459961 858.309998 9.372910	0.000 0.000 0.000	auto_ammo 2
ttt_random_weapon	-41.237701 301.850006 -90.627098	0.000 0.000 0.000	auto_ammo 2
ttt_random_weapon	2458.780029 -206.483994 -442.259003	0.000 0.000 0.000	auto_ammo 2
ttt_random_weapon	2646.020020 -2794.580078 -142.889999	0.000 0.000 0.000	auto_ammo 2
ttt_random_weapon	2923.409912 -2574.739990 -246.626999	0.000 0.000 0.000	auto_ammo 2
ttt_random_weapon	-290.649994 -3752.050049 -215.492004	0.000 90.000 0.000	auto_ammo 2
ttt_random_weapon	-284.660004 -3698.000000 -215.492004	0.000 90.000 0.000	auto_ammo 2
ttt_random_weapon	-2011.010010 -3680.060059 -215.492004	0.000 90.000 0.000	auto_ammo 2
ttt_random_weapon	-2017.000000 -3734.110107 -215.492004	0.000 90.000 0.000	auto_ammo 2
ttt_random_weapon	-439.937012 454.042999 -313.769012	0.000 0.000 0.000	auto_ammo 2
ttt_random_weapon	-1768.949951 244.970001 -374.627014	0.000 0.000 0.000	auto_ammo 2
ttt_random_weapon	319.760986 -580.130005 -374.627014	0.000 0.000 0.000	auto_ammo 2
ttt_random_weapon	1945.349976 -354.729004 -422.044006	0.000 0.000 0.000	auto_ammo 2
ttt_random_weapon	-2828.320068 -632.966003 -246.626999	0.000 0.000 0.000	auto_ammo 2
ttt_random_weapon	-2970.379883 -1226.530029 -246.626999	0.000 0.000 0.000	auto_ammo 2
ttt_random_weapon	-2796.459961 -2007.459961 -246.626999	0.000 0.000 0.000	auto_ammo 2
ttt_random_weapon	-894.354004 -4019.020020 -246.626999	0.000 0.000 0.000	auto_ammo 2
ttt_random_weapon	-1430.140015 -2936.439941 -215.490005	0.000 0.000 0.000	auto_ammo 2
ttt_random_weapon	-1392.000000 -2944.000000 -215.492004	0.000 0.000 0.000	auto_ammo 2
ttt_random_weapon	-1112.000000 -2936.439941 -215.490005	0.000 0.000 0.000	auto_ammo 2
ttt_random_weapon	-1073.859985 -2944.000000 -215.492004	0.000 0.000 0.000	auto_ammo 2
ttt_random_weapon	-1021.229980 -1579.229980 -328.859985	0.000 0.000 0.000	auto_ammo 2
ttt_random_weapon	-302.674011 -1310.989990 -341.388000	0.000 0.000 0.000	auto_ammo 2
ttt_random_weapon	1684.959961 -1643.339966 -326.621002	0.000 0.000 0.000	auto_ammo 2
ttt_random_weapon	1308.920044 -167.514008 -447.572998	0.000 0.000 0.000	auto_ammo 2
ttt_random_weapon	1179.849976 -1401.979980 -246.626999	0.000 0.000 0.000	auto_ammo 2
ttt_random_weapon	-872.885010 70.996803 -374.627014	0.000 0.000 0.000	auto_ammo 2
ttt_random_weapon	2353.760010 -2402.979980 -215.492004	0.000 0.000 0.000	auto_ammo 2
ttt_random_weapon	2753.669922 -1397.790039 -246.625000	0.000 0.000 0.000	auto_ammo 2
ttt_random_weapon	1297.670044 -884.395996 -118.625000	0.000 0.000 0.000	auto_ammo 2
ttt_random_weapon	2320.889893 197.209000 -182.625000	0.000 0.000 0.000	auto_ammo 2
ttt_random_weapon	2459.550049 204.664001 -182.625000	0.000 0.000 0.000	auto_ammo 2
ttt_random_weapon	1638.010010 70.189003 -118.625000	0.000 0.000 0.000	auto_ammo 2
ttt_random_weapon	-2763.560059 717.301025 -246.625000	0.000 0.000 0.000	auto_ammo 2
ttt_random_weapon	-2906.780029 233.186996 -246.625000	0.000 0.000 0.000	auto_ammo 2
ttt_random_weapon	-3047.520020 -43.866901 -246.625000	0.000 0.000 0.000	auto_ammo 2
ttt_random_weapon	-2918.260010 -331.454010 -246.625000	0.000 0.000 0.000	auto_ammo 2
ttt_random_weapon	-2869.280029 -978.171021 -246.625000	0.000 0.000 0.000	auto_ammo 2
ttt_random_weapon	-3283.969971 -1357.380005 -246.625000	0.000 0.000 0.000	auto_ammo 2
ttt_random_weapon	-3250.389893 -964.635010 -246.625000	0.000 0.000 0.000	auto_ammo 2
ttt_random_weapon	-2772.850098 -1820.989990 -246.625000	0.000 0.000 0.000	auto_ammo 2
ttt_random_weapon	-2763.310059 -2371.620117 -246.625000	0.000 0.000 0.000	auto_ammo 2
ttt_random_weapon	-3031.189941 -3072.429932 -246.625000	0.000 45.000 0.000	auto_ammo 2
ttt_random_weapon	-3265.070068 616.224976 -246.626999	0.000 0.000 0.000	auto_ammo 2
ttt_random_weapon	-3275.889893 717.723999 -246.626999	0.000 0.000 0.000	auto_ammo 2
ttt_random_weapon	2119.449951 -2701.649902 -194.697006	0.000 0.000 0.000	auto_ammo 2
ttt_random_weapon	2110.889893 -2647.479980 -194.697006	0.000 0.000 0.000	auto_ammo 2
ttt_random_weapon	2892.310059 -3303.560059 -246.626999	0.000 0.000 0.000	auto_ammo 2
ttt_random_weapon	2656.370117 -2754.919922 -142.889999	0.000 0.000 0.000	auto_ammo 2
ttt_random_weapon	2919.120117 -2732.439941 -212.322006	0.000 0.000 0.000	auto_ammo 2
ttt_random_weapon	312.006989 727.914978 -182.626999	0.000 0.000 0.000	auto_ammo 2
ttt_random_weapon	1178.900024 338.095001 -182.626999	0.000 0.000 0.000	auto_ammo 2
ttt_random_weapon	2762.399902 -169.876007 -184.595001	0.000 0.000 0.000	auto_ammo 2
ttt_random_weapon	2899.209961 180.048004 9.372920	0.000 0.000 0.000	auto_ammo 2
ttt_random_weapon	-1475.760010 -4185.069824 -215.490005	0.000 0.000 0.000	auto_ammo 2
ttt_random_weapon	-1460.439941 -4149.330078 -215.492004	0.000 0.000 0.000	auto_ammo 2
ttt_random_weapon	-1046.400024 -4020.239990 -215.490005	0.000 0.000 0.000	auto_ammo 2
ttt_random_weapon	-1008.260010 -4027.800049 -215.492004	0.000 0.000 0.000	auto_ammo 2
ttt_random_weapon	-291.660004 -3542.000000 -215.492004	0.000 90.000 0.000	auto_ammo 2
ttt_random_weapon	-297.649994 -3596.050049 -215.492004	0.000 90.000 0.000	auto_ammo 2
ttt_random_weapon	-2004.000000 -3537.000000 -215.492004	0.000 90.000 0.000	auto_ammo 2
ttt_random_weapon	-2009.989990 -3591.050049 -215.492004	0.000 90.000 0.000	auto_ammo 2
ttt_random_weapon	-1972.000000 -3405.000000 -215.492004	0.000 90.000 0.000	auto_ammo 2
ttt_random_weapon	-2001.880005 -3450.439941 -215.492004	0.000 90.000 0.000	auto_ammo 2
ttt_random_weapon	-327.000000 -3400.000000 -215.492004	0.000 90.000 0.000	auto_ammo 2
ttt_random_weapon	-313.221985 -3452.610107 -215.492004	0.000 90.000 0.000	auto_ammo 2
ttt_random_weapon	-288.000000 -4073.639893 -215.492004	0.000 90.000 0.000	auto_ammo 2
ttt_random_weapon	-342.342010 -4075.709961 -215.492004	0.000 90.000 0.000	auto_ammo 2
ttt_random_weapon	-1421.400024 -1469.050049 -332.735992	0.000 0.000 0.000	auto_ammo 2
ttt_random_weapon	2291.899902 440.000000 -182.626999	0.000 0.000 0.000	auto_ammo 2
ttt_random_weapon	-2016.000000 -4073.639893 -215.492004	0.000 90.000 0.000	auto_ammo 2
ttt_random_weapon	-1961.660034 -4075.709961 -215.492004	0.000 90.000 0.000	auto_ammo 2
ttt_random_weapon	-1462.000000 -4074.000000 -198.628006	0.000 0.000 0.000	auto_ammo 2
ttt_random_weapon	2299.899902 456.000000 -182.626999	0.000 0.000 0.000	auto_ammo 2
ttt_random_weapon	2283.899902 480.000000 -182.626999	0.000 0.000 0.000	auto_ammo 2
ttt_random_weapon	2291.899902 504.649994 -182.626999	0.000 0.000 0.000	auto_ammo 2
ttt_random_weapon	2291.899902 536.650024 -182.626999	0.000 0.000 0.000	auto_ammo 2
ttt_random_weapon	2291.899902 568.000000 -182.626999	0.000 0.000 0.000	auto_ammo 2
ttt_random_weapon	2299.899902 608.650024 -182.626999	0.000 0.000 0.000	auto_ammo 2
ttt_random_weapon	2291.899902 640.650024 -182.626999	0.000 0.000 0.000	auto_ammo 2
ttt_random_weapon	464.000000 -3272.000000 -176.000000	0.000 0.000 0.000	auto_ammo 2
ttt_random_weapon	464.000000 -3336.000000 -208.000000	0.000 0.000 0.000	auto_ammo 2
ttt_random_weapon	464.000000 -3392.000000 -176.000000	0.000 0.000 0.000	auto_ammo 2
ttt_random_weapon	-61.000000 326.000000 -90.627098	0.000 0.000 0.000	auto_ammo 2
ttt_random_weapon	-106.000000 293.000000 -90.627098	0.000 0.000 0.000	auto_ammo 2
ttt_random_weapon	520.000000 -1047.000000 -191.998993	0.000 0.000 0.000	auto_ammo 2
ttt_random_weapon	539.000000 -1016.000000 -191.998993	0.000 0.000 0.000	auto_ammo 2
ttt_random_weapon	544.000000 -1141.000000 -191.998993	0.000 0.000 0.000	auto_ammo 2
ttt_random_weapon	2921.719971 -2617.600098 -213.695007	0.000 0.000 0.000	auto_ammo 2
ttt_random_weapon	2926.580078 -2554.459961 -213.695007	0.000 0.000 0.000	auto_ammo 2
ttt_random_weapon	2277.540039 -1573.670044 -330.438995	0.000 0.000 0.000	auto_ammo 2
ttt_random_weapon	1265.829956 -2259.969971 -306.468994	0.000 0.000 0.000	auto_ammo 2
ttt_random_weapon	-1393.699951 -2279.050049 -305.803009	0.000 0.000 0.000	auto_ammo 2
ttt_random_weapon	-1705.479980 -244.130005 -376.000000	0.000 0.000 0.000	auto_ammo 2
ttt_random_weapon	-574.085999 -430.221985 -376.000000	0.000 0.000 0.000	auto_ammo 2
ttt_random_weapon	-874.359985 -1092.180054 -354.747986	0.000 0.000 0.000	auto_ammo 2
ttt_random_weapon	-1225.530029 -614.078979 -248.000000	0.000 0.000 0.000	auto_ammo 2
ttt_random_weapon	-1271.420044 -645.307983 -248.000000	0.000 0.000 0.000	auto_ammo 2
ttt_random_weapon	-1203.359985 -679.367004 -248.000000	0.000 0.000 0.000	auto_ammo 2
ttt_random_weapon	385.932007 -3292.000000 -248.000000	0.000 0.000 0.000	auto_ammo 2
ttt_random_weapon	346.916992 -3344.590088 -248.000000	0.000 0.000 0.000	auto_ammo 2
ttt_random_weapon	80.553497 -3148.399902 -248.000000	0.000 0.000 0.000	auto_ammo 2
ttt_random_weapon	16.817801 -3206.250000 -248.000000	0.000 0.000 0.000	auto_ammo 2
ttt_random_weapon	755.664978 -1464.369995 -248.000000	0.000 0.000 0.000	auto_ammo 2
ttt_random_weapon	331.320007 -1937.459961 -248.000000	0.000 0.000 0.000	auto_ammo 2
ttt_random_weapon	1438.140015 -3052.510010 329.372986	0.000 0.000 0.000	auto_ammo 2
ttt_random_weapon	186.000000 -3448.000000 -224.000000	0.000 180.000 0.000	auto_ammo 2
ttt_random_weapon	186.000000 -3512.000000 -176.000000	0.000 180.000 0.000	auto_ammo 2
ttt_random_weapon	-467.686005 325.441986 -246.626999	0.000 0.000 0.000	auto_ammo 2
ttt_random_weapon	-528.789978 247.886993 -246.626999	0.000 0.000 0.000	auto_ammo 2
ttt_random_weapon	-585.901001 477.559998 -246.626999	0.000 0.000 0.000	auto_ammo 2
ttt_random_weapon	-694.320007 571.146973 -215.492004	0.000 135.000 0.000	auto_ammo 2
ttt_random_weapon	-748.200012 578.546021 -215.492004	0.000 135.000 0.000	auto_ammo 2
ttt_random_weapon	-3710.889893 -2826.979980 -294.627014	0.000 90.000 0.000	auto_ammo 2
ttt_random_weapon	-3751.629883 -2813.820068 -294.627014	0.000 90.000 0.000	auto_ammo 2
ttt_random_weapon	406.828003 -3179.139893 -246.626999	0.000 0.000 0.000	auto_ammo 2
ttt_random_weapon	406.828003 -3211.139893 -246.626999	0.000 0.000 0.000	auto_ammo 2
ttt_random_ammo	-2386.179932 -1120.900024 -254.998993	0.000 0.000 0.000
ttt_random_ammo	-1146.900024 201.878006 0.000580	0.000 0.000 0.000
ttt_random_ammo	1503.089966 703.770996 -127.999001	0.000 0.000 0.000
ttt_random_ammo	2758.870117 -241.837997 -199.533005	0.000 0.000 0.000
ttt_random_ammo	1347.020020 -3133.709961 320.001007	0.000 0.000 0.000
ttt_random_ammo	-856.255005 -3749.459961 -255.998993	0.000 0.000 0.000
ttt_random_ammo	-802.979004 -3743.010010 -255.998993	0.000 0.000 0.000
ttt_random_ammo	-860.374023 -3627.300049 -255.998993	0.000 0.000 0.000
ttt_random_ammo	-785.356995 -3622.889893 -255.998993	0.000 0.000 0.000
ttt_random_ammo	-1441.459961 -3747.469971 -255.998993	0.000 0.000 0.000
ttt_random_ammo	-1504.459961 -3745.919922 -255.998993	0.000 0.000 0.000
ttt_random_ammo	-1494.569946 -3631.290039 -255.998993	0.000 0.000 0.000
ttt_random_ammo	-1441.719971 -3630.100098 -255.998993	0.000 0.000 0.000
ttt_random_ammo	-152.740997 -1206.790039 352.001007	0.000 0.000 0.000
ttt_random_ammo	-209.298004 -1042.890015 352.001007	0.000 0.000 0.000
ttt_random_ammo	-2101.360107 -2446.459961 -255.998993	0.000 0.000 0.000
ttt_random_ammo	2659.000000 -2791.000000 -211.048004	0.000 0.000 0.000
ttt_random_ammo	2655.000000 -2758.000000 -211.048004	0.000 0.000 0.000
ttt_random_ammo	2641.000000 -2765.000000 -211.048004	0.000 0.000 0.000
ttt_random_ammo	2646.000000 -2796.000000 -211.048004	0.000 0.000 0.000
ttt_random_ammo	2915.389893 -2594.810059 -213.694000	0.000 0.000 0.000
ttt_random_ammo	2877.310059 -836.085022 0.000580	0.000 0.000 0.000
ttt_random_ammo	1661.060059 -284.475006 -287.998993	0.000 0.000 0.000
ttt_random_ammo	-35.137199 736.369995 -225.416000	0.000 0.000 0.000
ttt_random_ammo	-1267.359985 767.405029 -255.998993	0.000 0.000 0.000
ttt_random_ammo	-244.957993 -800.739014 304.001007	0.000 0.000 0.000
ttt_random_ammo	-1455.579956 -2949.010010 -216.863998	0.000 0.000 0.000
ttt_random_ammo	-1363.900024 -2944.649902 -216.863998	0.000 0.000 0.000
ttt_random_ammo	-1290.540039 -2945.199951 -216.492004	0.000 0.000 0.000
ttt_random_ammo	-1210.859985 -2948.260010 -216.492004	0.000 0.000 0.000
ttt_random_ammo	-1139.349976 -2947.699951 -216.863998	0.000 0.000 0.000
ttt_random_ammo	-1047.819946 -2947.250000 -216.863998	0.000 0.000 0.000
ttt_random_ammo	-290.326996 -3724.820068 -216.863998	0.000 0.000 0.000
ttt_random_ammo	-2016.219971 -3713.320068 -216.863998	0.000 0.000 0.000
ttt_random_ammo	-2009.239990 -3763.000000 -216.863998	0.000 0.000 0.000
ttt_random_ammo	-293.000000 -3782.449951 -216.863998	0.000 0.000 0.000
ttt_random_ammo	-742.153015 -1473.800049 -324.787994	0.000 0.000 0.000
ttt_random_ammo	-497.735992 -1473.800049 -319.782990	0.000 0.000 0.000
ttt_random_ammo	-729.914001 478.967010 -319.575989	0.000 0.000 0.000
ttt_random_ammo	-482.980011 442.566010 -324.627014	0.000 0.000 0.000
ttt_random_ammo	-648.109985 295.855988 -383.998993	0.000 0.000 0.000
ttt_random_ammo	414.427002 -1299.439941 -351.425995	0.000 0.000 0.000
ttt_random_ammo	992.687988 -1329.239990 -255.998993	0.000 0.000 0.000
ttt_random_ammo	191.917007 75.555397 -99.999397	0.000 0.000 0.000
ttt_random_ammo	2315.620117 -2395.419922 -215.490005	0.000 0.000 0.000
ttt_random_ammo	2288.270020 -2406.679932 -216.863998	0.000 0.000 0.000
ttt_random_ammo	2379.800049 -2406.229980 -215.863998	0.000 0.000 0.000
ttt_random_ammo	2726.320068 -1409.050049 -255.998993	0.000 0.000 0.000
ttt_random_ammo	1270.319946 -895.656006 -127.999001	0.000 0.000 0.000
ttt_random_ammo	2293.540039 185.949005 -183.998993	0.000 0.000 0.000
ttt_random_ammo	2432.199951 193.404007 -183.998993	0.000 0.000 0.000
ttt_random_ammo	1610.660034 58.929001 -127.999001	0.000 0.000 0.000
ttt_random_ammo	-3229.590088 758.773987 -255.998993	0.000 0.000 0.000
ttt_random_ammo	-3272.020020 664.401978 -255.998993	0.000 0.000 0.000
ttt_random_ammo	-3209.909912 633.059998 -255.998993	0.000 0.000 0.000
ttt_random_ammo	-538.947998 -1133.829956 -191.998993	0.000 0.000 0.000
ttt_random_ammo	-660.963989 -1046.310059 -191.998993	0.000 0.000 0.000
ttt_random_ammo	-977.297974 -1402.280029 -255.998993	0.000 0.000 0.000
ttt_random_ammo	-945.520996 -1345.510010 -255.998993	0.000 0.000 0.000
ttt_random_ammo	-888.294006 -1327.010010 -255.998993	0.000 0.000 0.000
ttt_random_ammo	1564.310059 209.225998 -127.999001	0.000 0.000 0.000
ttt_random_ammo	1523.109985 248.369003 -127.999001	0.000 0.000 0.000
ttt_random_ammo	1576.250000 798.026001 -127.999001	0.000 0.000 0.000
ttt_random_ammo	1563.930054 743.098022 -127.999001	0.000 0.000 0.000
ttt_random_ammo	312.683014 -1763.680054 -331.808014	0.000 0.000 0.000
ttt_random_ammo	485.640991 -2269.820068 -314.130005	0.000 0.000 0.000
ttt_random_ammo	1888.520020 -1168.109985 -358.609009	0.000 0.000 0.000
ttt_random_ammo	1693.349976 -1046.920044 -365.235992	0.000 0.000 0.000
ttt_random_ammo	1261.989990 -1214.040039 -356.096985	0.000 0.000 0.000
ttt_random_ammo	630.182983 -1305.339966 -351.104004	0.000 0.000 0.000
ttt_random_ammo	587.127991 -709.854004 -383.669006	0.000 0.000 0.000
ttt_random_ammo	-1452.000000 -4128.000000 -216.863998	0.000 0.000 0.000
ttt_random_ammo	-1471.560059 -4205.299805 -216.863998	0.000 0.000 0.000
ttt_random_ammo	-985.640991 -4031.620117 -216.863998	0.000 0.000 0.000
ttt_random_ammo	-1065.319946 -4028.560059 -216.863998	0.000 0.000 0.000
ttt_random_ammo	-297.326996 -3568.820068 -216.863998	0.000 0.000 0.000
ttt_random_ammo	-300.000000 -3626.449951 -216.863998	0.000 0.000 0.000
ttt_random_ammo	-2009.670044 -3563.820068 -216.863998	0.000 0.000 0.000
ttt_random_ammo	-2012.339966 -3621.449951 -216.863998	0.000 0.000 0.000
ttt_random_ammo	-1989.229980 -3426.320068 -216.863998	0.000 0.000 0.000
ttt_random_ammo	-2017.770020 -3476.459961 -216.863998	0.000 0.000 0.000
ttt_random_ammo	-322.678986 -3427.070068 -216.863998	0.000 0.000 0.000
ttt_random_ammo	-304.522003 -3481.830078 -216.863998	0.000 0.000 0.000
ttt_random_ammo	-315.363007 -4072.000000 -216.863998	0.000 0.000 0.000
ttt_random_ammo	-372.756012 -4077.870117 -216.863998	0.000 0.000 0.000
ttt_random_ammo	-1393.300049 -1469.699951 -342.108002	0.000 0.000 0.000
ttt_random_ammo	2320.000000 439.350006 -183.998993	0.000 0.000 0.000
ttt_random_ammo	-1988.640015 -4072.000000 -216.863998	0.000 0.000 0.000
ttt_random_ammo	-1931.239990 -4077.870117 -216.863998	0.000 0.000 0.000
ttt_random_ammo	-1478.050049 -4057.610107 -208.000000	0.000 0.000 0.000
ttt_random_ammo	2328.000000 455.350006 -183.998993	0.000 0.000 0.000
ttt_random_ammo	2312.000000 479.350006 -183.998993	0.000 0.000 0.000
ttt_random_ammo	2320.000000 504.000000 -183.998993	0.000 0.000 0.000
ttt_random_ammo	2320.000000 536.000000 -183.998993	0.000 0.000 0.000
ttt_random_ammo	2320.000000 567.349976 -183.998993	0.000 0.000 0.000
ttt_random_ammo	2328.000000 608.000000 -191.998993	0.000 0.000 0.000
ttt_random_ammo	2320.000000 640.000000 -191.998993	0.000 0.000 0.000
ttt_random_ammo	432.000000 -3256.000000 -256.000000	0.000 0.000 0.000
ttt_random_ammo	464.000000 -3336.000000 -168.000000	0.000 0.000 0.000
ttt_random_ammo	464.000000 -3448.000000 -200.000000	0.000 0.000 0.000
ttt_random_ammo	464.000000 -3472.000000 -200.000000	0.000 0.000 0.000
ttt_random_ammo	464.000000 -3288.000000 -200.000000	0.000 0.000 0.000
ttt_random_ammo	226.000000 -3306.000000 -248.000000	0.000 0.000 0.000
ttt_random_ammo	114.000000 -3362.000000 -248.000000	0.000 0.000 0.000
ttt_random_ammo	242.000000 -3402.000000 -248.000000	0.000 0.000 0.000
ttt_random_ammo	-106.000000 334.000000 -90.627098	0.000 0.000 0.000
ttt_random_ammo	-131.000000 265.000000 -90.627098	0.000 0.000 0.000
ttt_random_ammo	-24.000000 332.000000 -90.627098	0.000 0.000 0.000
ttt_random_ammo	196.000000 505.000000 -99.999397	0.000 0.000 0.000
ttt_random_ammo	-991.000000 -898.000000 -131.000000	0.000 0.000 0.000
ttt_random_ammo	-1186.000000 -894.000000 -119.000000	0.000 0.000 0.000
ttt_random_ammo	-1580.000000 -891.000000 -119.000000	0.000 0.000 0.000
ttt_random_ammo	-1790.000000 -899.000000 -131.000000	0.000 0.000 0.000
ttt_random_ammo	350.000000 -1098.000000 -191.998993	0.000 0.000 0.000
ttt_random_ammo	376.000000 -902.000000 -191.998993	0.000 0.000 0.000
ttt_random_ammo	65.000000 -1002.000000 -191.998993	0.000 0.000 0.000
ttt_random_ammo	56.000000 -773.000000 -191.998993	0.000 0.000 0.000
ttt_random_ammo	-573.000000 -588.000000 -191.998993	0.000 0.000 0.000
ttt_random_ammo	-386.000000 -1081.000000 -191.998993	0.000 0.000 0.000
ttt_random_ammo	-328.000000 -672.000000 -191.998993	0.000 0.000 0.000
ttt_random_ammo	520.000000 -1090.000000 -191.998993	0.000 0.000 0.000
ttt_random_ammo	450.000000 -1052.000000 -191.998993	0.000 0.000 0.000
ttt_random_ammo	642.000000 -1031.000000 -191.998993	0.000 0.000 0.000
ttt_random_ammo	2918.260010 -2686.310059 -213.695007	0.000 0.000 0.000
ttt_random_ammo	2925.340088 -2767.639893 -213.695007	0.000 0.000 0.000
ttt_random_ammo	2715.169922 -3112.879883 -248.000000	0.000 0.000 0.000
ttt_random_ammo	2783.260010 -3120.949951 -248.000000	0.000 0.000 0.000
ttt_random_ammo	2817.689941 -2997.850098 -248.000000	0.000 0.000 0.000
ttt_random_ammo	2906.239990 -3008.280029 -248.000000	0.000 0.000 0.000
ttt_random_ammo	2857.280029 -3070.330078 -248.000000	0.000 0.000 0.000
ttt_random_ammo	2887.870117 -3217.729980 -248.000000	0.000 0.000 0.000
ttt_random_ammo	2702.790039 -3197.729980 -248.000000	0.000 0.000 0.000
ttt_random_ammo	-2800.000000 -2448.000000 -239.998993	0.000 0.000 0.000
ttt_random_ammo	-3024.000000 -2416.000000 -239.998993	0.000 0.000 0.000
ttt_random_ammo	-3168.000000 -2224.000000 -239.998993	0.000 0.000 0.000
ttt_random_ammo	-3129.939941 -2962.939941 -239.998993	0.000 45.000 0.000
ttt_random_ammo	-3016.800049 -3098.699951 -239.998993	0.000 45.000 0.000
ttt_random_ammo	-2937.600098 -2951.629883 -239.998993	0.000 45.000 0.000
ttt_random_ammo	-2926.290039 -3121.330078 -239.998993	0.000 45.000 0.000
ttt_random_ammo	-2547.350098 -3114.260010 -239.998993	0.000 225.000 0.000
ttt_random_ammo	-2671.800049 -2967.179932 -239.998993	0.000 225.000 0.000
ttt_random_ammo	-2751.000000 -2955.870117 -239.998993	0.000 225.000 0.000
ttt_random_ammo	-2816.000000 -2016.000000 -239.998993	0.000 0.000 0.000
ttt_random_ammo	-2928.000000 -1808.000000 -239.998993	0.000 0.000 0.000
ttt_random_ammo	-3264.000000 -1856.000000 -239.998993	0.000 0.000 0.000
ttt_random_ammo	-3248.000000 -1616.000000 -239.998993	0.000 0.000 0.000
ttt_random_ammo	-3280.000000 -1552.000000 -239.998993	0.000 0.000 0.000
ttt_random_ammo	-2928.000000 -1488.000000 -239.998993	0.000 0.000 0.000
ttt_random_ammo	-2800.000000 -1552.000000 -239.998993	0.000 0.000 0.000
ttt_random_ammo	-3280.000000 -1360.000000 -239.998993	0.000 0.000 0.000
ttt_random_ammo	-2992.000000 -1248.000000 -239.998993	0.000 0.000 0.000
ttt_random_ammo	-3008.000000 -1200.000000 -239.998993	0.000 0.000 0.000
ttt_random_ammo	-2864.000000 -1200.000000 -239.998993	0.000 0.000 0.000
ttt_random_ammo	-2864.000000 -1264.000000 -239.998993	0.000 0.000 0.000
ttt_random_ammo	-2896.000000 -976.000000 -239.998993	0.000 0.000 0.000
ttt_random_ammo	-2768.000000 -1040.000000 -239.998993	0.000 0.000 0.000
ttt_random_ammo	-3264.000000 -896.000000 -239.998993	0.000 0.000 0.000
ttt_random_ammo	-3248.000000 -1056.000000 -239.998993	0.000 0.000 0.000
ttt_random_ammo	-3248.000000 -704.000000 -239.998993	0.000 0.000 0.000
ttt_random_ammo	-3296.000000 -576.000000 -239.998993	0.000 0.000 0.000
ttt_random_ammo	-2832.000000 -544.000000 -239.998993	0.000 0.000 0.000
ttt_random_ammo	-2800.000000 -720.000000 -239.998993	0.000 0.000 0.000
ttt_random_ammo	-2944.000000 -624.000000 -239.998993	0.000 0.000 0.000
ttt_random_ammo	-2912.000000 -320.000000 -239.998993	0.000 0.000 0.000
ttt_random_ammo	-2928.000000 -160.000000 -239.998993	0.000 0.000 0.000
ttt_random_ammo	-3056.000000 -144.000000 -239.998993	0.000 0.000 0.000
ttt_random_ammo	-3040.000000 64.000000 -239.998993	0.000 0.000 0.000
ttt_random_ammo	-2912.000000 80.000000 -239.998993	0.000 0.000 0.000
ttt_random_ammo	-3040.000000 256.000000 -239.998993	0.000 0.000 0.000
ttt_random_ammo	-2912.000000 336.000000 -239.998993	0.000 0.000 0.000
ttt_random_ammo	760.517029 -1488.020020 -248.000000	0.000 0.000 0.000
ttt_random_ammo	374.255005 -1946.510010 -248.000000	0.000 0.000 0.000
ttt_random_ammo	-3052.090088 -971.031006 -248.000000	0.000 0.000 0.000
ttt_random_ammo	-540.906006 571.851013 -248.000000	0.000 0.000 0.000
ttt_random_ammo	-507.174988 609.109009 -248.000000	0.000 0.000 0.000
ttt_random_ammo	-591.987000 577.625000 -248.000000	0.000 0.000 0.000
ttt_random_ammo	-893.879028 588.197998 -248.000000	0.000 0.000 0.000
ttt_random_ammo	-762.452026 574.273987 -248.000000	0.000 0.000 0.000
ttt_random_ammo	186.000000 -3432.000000 -200.000000	0.000 180.000 0.000
ttt_random_ammo	186.000000 -3512.000000 -200.000000	0.000 180.000 0.000
ttt_random_ammo	186.000000 -3616.000000 -200.000000	0.000 180.000 0.000
ttt_random_ammo	186.000000 -3640.000000 -200.000000	0.000 180.000 0.000
ttt_random_ammo	44.782101 -3634.139893 -86.628998	0.000 180.000 0.000
ttt_random_ammo	126.107002 -3554.659912 -86.628998	0.000 180.000 0.000
ttt_random_ammo	118.735001 -3497.610107 -86.628998	0.000 180.000 0.000
ttt_random_ammo	41.445599 -3482.570068 -86.628998	0.000 180.000 0.000
ttt_random_ammo	2682.889893 -2067.350098 -247.998993	0.000 0.000 0.000
ttt_random_ammo	2523.659912 -2211.050049 -247.998993	0.000 0.000 0.000
ttt_random_ammo	-3312.000000 -2182.000000 -243.826996	0.000 0.000 0.000
ttt_random_ammo	-3312.000000 -2502.000000 -243.826996	0.000 0.000 0.000
ttt_random_ammo	-3254.000000 -3318.000000 -243.826996	0.000 0.000 0.000
ttt_random_ammo	-3126.000000 -3318.000000 -243.826996	0.000 0.000 0.000
ttt_random_ammo	-3312.000000 -3142.000000 -243.826996	0.000 0.000 0.000
ttt_random_ammo	-287.737000 316.431000 -145.848007	0.000 0.000 0.000
ttt_random_ammo	-265.601990 290.707001 -145.848007	0.000 0.000 0.000
ttt_random_ammo	-432.242004 352.308014 -150.832001	0.000 0.000 0.000
ttt_random_ammo	-448.733002 34.234798 -172.492996	0.000 0.000 0.000
ttt_random_ammo	-419.786987 54.184799 -172.492996	0.000 0.000 0.000
ttt_random_ammo	-521.612976 40.516399 -164.382004	0.000 0.000 0.000
ttt_random_ammo	-664.000000 568.000000 -216.863998	0.000 45.000 0.000
ttt_random_ammo	-1232.050049 490.696014 83.585503	0.000 0.000 0.000
ttt_random_ammo	-1267.410034 452.152008 83.585503	0.000 0.000 0.000
ttt_random_ammo	-1294.000000 603.098999 -255.998993	0.000 0.000 0.000
ttt_random_ammo	-1287.430054 622.184021 -255.998993	0.000 0.000 0.000
ttt_random_ammo	-3416.020020 -2802.479980 -255.998993	0.000 0.000 0.000
ttt_random_ammo	-3453.139893 -2827.689941 -255.998993	0.000 0.000 0.000
ttt_random_ammo	-3453.500000 -2800.050049 -255.998993	0.000 0.000 0.000
ttt_random_ammo	-3792.149902 -2488.629883 -303.998993	0.000 0.000 0.000
ttt_random_ammo	-3830.300049 -2529.719971 -303.998993	0.000 0.000 0.000
ttt_random_ammo	-3362.129883 -2846.510010 -303.998993	0.000 0.000 0.000
ttt_random_ammo	-3425.179932 -2643.639893 -303.998993	0.000 0.000 0.000
ttt_random_ammo	-3436.629883 -2483.969971 -303.998993	0.000 0.000 0.000
weapon_zm_rifle	-250.202362 -1190.768311 353.270142	0.395 -5.251 -88.518
ttt_playerspawn	-1369.888184 -4184.884277 -255.467590	-0.065 -0.000 0.065
ttt_playerspawn	-882.261719 -4099.251465 -255.454742	5.825 -179.002 0.051
ttt_playerspawn	-1941.065063 -3933.877197 -255.463638	-0.061 -0.000 0.061
ttt_playerspawn	-1427.166626 -3378.471436 -255.440521	-0.195 45.347 0.038
ttt_playerspawn	-254.436279 -3159.613770 -255.437836	-0.020 -0.076 0.122
ttt_playerspawn	-2864.548340 -2371.230957 -255.453125	-0.051 -0.000 0.051
ttt_playerspawn	-507.099945 345.861511 -255.460831	-0.058 -0.000 0.058
ttt_playerspawn	2797.229248 -194.103241 -196.495911	-3.278 -154.473 4.457
ttt_playerspawn	2857.056641 -2851.634277 -255.447098	-0.044 111.293 0.044
ttt_playerspawn	2340.700928 -3081.144043 -255.453125	1.439 98.761 0.050
ttt_playerspawn	571.546021 -906.176147 -191.459030	-2.326 -170.581 0.056
item_ammo_357_ttt	-232.538498 -1201.709717 352.330322	0.450 0.067 0.056
item_ammo_357_ttt	-247.021561 -1202.068237 352.360382	0.456 0.057 0.044
item_ammo_revolver_ttt	-425.086182 -4013.570068 -254.812500	0.666 0.257 10.606
item_ammo_revolver_ttt	-417.134888 -4016.768066 -255.678375	0.448 0.067 0.060
item_ammo_revolver_ttt	-795.517334 -4168.767090 -255.630081	0.458 0.056 0.040
item_ammo_revolver_ttt	-811.551819 -4151.482422 -255.669647	0.450 0.067 0.056
item_ammo_revolver_ttt	-3271.736572 -474.866882 -255.628571	0.458 0.056 0.040
item_ammo_revolver_ttt	-3254.342773 -504.710358 -255.685272	0.446 0.072 0.063
item_ammo_revolver_ttt	-67.423187 309.152832 351.918579	8.525 86.905 0.000
item_ammo_revolver_ttt	-81.165054 297.333069 353.973816	11.966 97.135 0.000
weapon_zm_revolver	-427.332367 -4006.257324 -254.041077	2.391 -19.798 -84.950
weapon_zm_revolver	-798.912964 -4158.061035 -254.084976	2.578 -19.659 -83.550
weapon_zm_revolver	-3279.320801 -497.843414 -254.089600	2.593 -19.646 -83.427
weapon_zm_revolver	-91.369728 313.358795 353.420746	1.974 -21.423 -85.841
