# Trouble in Terrorist Town weapon/ammo placement overrides
# For map: ttt_waterworld_tropical
# Exported by: niclas
setting:	replacespawns 1
weapon_ttt_smokegrenade	-950.462708 -4198.214355 -206.403046	2.501 -0.128 -2.600
weapon_ttt_smokegrenade	-953.469238 -4189.705566 -206.397980	2.355 -0.127 -2.446
weapon_ttt_smokegrenade	-1316.027710 -4197.983887 -206.465286	1.392 0.011 -1.226
weapon_ttt_smokegrenade	-1310.558716 -4191.067871 -206.410080	2.627 -0.128 -2.718
weapon_ttt_smokegrenade	-133.321747 -2485.395752 -254.299850	-50.054 158.155 93.280
weapon_ttt_smokegrenade	-1455.610718 -2432.541504 -242.675812	3.140 0.802 -103.231
weapon_ttt_smokegrenade	-701.459961 -2457.675049 -254.226791	-89.734 149.392 129.232
weapon_ttt_smokegrenade	-75.778984 -2402.036377 -242.802704	69.019 -13.839 -133.365
weapon_ttt_smokegrenade	1298.113281 -2326.817383 -233.003143	1.235 1.669 -7.075
weapon_ttt_smokegrenade	112.144081 -1099.456909 328.575531	3.059 -0.123 -3.147
weapon_ttt_smokegrenade	634.484131 -3317.877197 228.615280	1.966 -0.119 -2.039
weapon_ttt_smokegrenade	2831.618164 -2757.557617 258.120453	0.343 0.035 6.096
weapon_ttt_smokegrenade	2831.275391 -2745.190186 258.552643	0.351 0.036 6.099
weapon_ttt_smokegrenade	2807.765137 -1081.485718 -251.442947	3.505 -0.116 -3.612
weapon_ttt_smokegrenade	2802.594482 -1106.254883 -251.397034	2.322 -0.126 -2.395
weapon_ttt_smokegrenade	2338.128174 1154.920166 -203.481155	0.437 0.004 -0.116
weapon_ttt_smokegrenade	728.227112 249.218979 -272.447113	3.612 -0.108 -3.724
weapon_ttt_smokegrenade	132.867905 697.731934 -251.474365	0.635 0.009 -0.347
weapon_ttt_smokegrenade	-566.870361 743.507324 -251.466537	1.172 0.012 -0.954
weapon_ttt_smokegrenade	-815.267395 519.235168 -11.733621	1.810 2.093 3.957
weapon_ttt_smokegrenade	-3635.079834 641.323120 -211.930801	-0.173 1.147 2.631
weapon_ttt_smokegrenade	-3634.592773 659.647644 -211.925186	1.307 -0.019 2.558
weapon_ttt_smokegrenade	-3650.715576 662.091858 -212.015228	0.123 0.014 0.732
weapon_ttt_smokegrenade	-3666.876221 661.255615 -211.959778	1.466 -0.004 2.870
weapon_ttt_smokegrenade	-3716.890869 654.976746 -211.974701	1.223 -0.026 2.400
weapon_ttt_smokegrenade	-3713.963135 634.995667 -211.889542	-0.172 0.088 2.285
weapon_ttt_smokegrenade	-3007.973145 -1478.720337 -243.415955	2.730 -0.135 -2.802
weapon_ttt_smokegrenade	-3012.312256 -1250.169556 -243.423080	0.925 0.015 0.535	auto_ammo 2
ttt_random_weapon	-1596.917236 -4748.212891 -254.800583	1.882 4.926 -92.582	auto_ammo 2
ttt_random_weapon	-1635.308105 -4666.119141 -254.795029	1.819 4.928 -92.725	auto_ammo 2
ttt_random_weapon	-1867.298706 -4682.454590 -254.790100	1.764 4.928 -92.852	auto_ammo 2
ttt_random_weapon	-1858.873657 -4761.920898 -254.770966	1.547 4.915 -93.348	auto_ammo 2
ttt_random_weapon	-1982.850098 -4743.479980 -254.800583	1.882 4.926 -92.582	auto_ammo 2
ttt_random_weapon	-1980.451172 -4088.500488 -254.760620	1.430 4.904 -93.616	auto_ammo 2
ttt_random_weapon	-1878.643677 -4087.017334 -254.772156	1.561 4.916 -93.317	auto_ammo 2
ttt_random_weapon	-1941.536255 -4395.490723 -254.781006	1.661 4.923 -93.088	auto_ammo 2
ttt_random_weapon	-1946.059814 -4295.192871 -254.797028	1.842 4.927 -92.673	auto_ammo 2
ttt_random_weapon	-1384.753418 -4738.294922 -233.488373	1.889 7.530 -91.977	auto_ammo 2
ttt_random_weapon	-1511.113037 -4673.840820 -233.523987	10.246 -11.288 -8.963	auto_ammo 2
ttt_random_weapon	-1011.945007 -4740.570801 -233.381958	2.370 9.147 -91.442	auto_ammo 2
ttt_random_weapon	-789.321045 -4671.489746 -233.536591	12.086 -17.643 -8.048	auto_ammo 2
ttt_random_weapon	-1173.090942 -4276.660156 -254.800598	1.882 4.926 -92.582	auto_ammo 2
ttt_random_weapon	-1306.873047 -4256.528320 -254.801331	1.890 4.927 -92.563	auto_ammo 2
ttt_random_weapon	-1017.264404 -4276.429199 -254.781891	1.671 4.924 -93.065	auto_ammo 2
ttt_random_weapon	-1487.337036 -4068.877197 -254.779709	1.646 4.922 -93.121	auto_ammo 2
ttt_random_weapon	-777.227112 -4050.558838 -254.806046	1.943 4.925 -92.441	auto_ammo 2
ttt_random_weapon	-411.979950 -4059.804199 -254.791885	1.784 4.928 -92.806	auto_ammo 2
ttt_random_weapon	-321.123138 -4070.856445 -254.770401	1.541 4.915 -93.362	auto_ammo 2
ttt_random_weapon	-308.849030 -4253.125977 -254.799850	1.874 4.930 -92.601	auto_ammo 2
ttt_random_weapon	-323.718536 -4348.169922 -254.784744	1.703 4.926 -92.991	auto_ammo 2
ttt_random_weapon	-323.521088 -4725.470215 -254.809418	1.981 4.920 -92.354	auto_ammo 2
ttt_random_weapon	-443.726318 -4779.843262 -254.778076	1.628 4.921 -93.163	auto_ammo 2
ttt_random_weapon	-426.672180 -4675.060059 -254.801331	1.890 4.927 -92.563	auto_ammo 2
ttt_random_weapon	-705.785828 -4757.471680 -254.806046	1.943 4.925 -92.441	auto_ammo 2
ttt_random_weapon	-682.830933 -4660.379395 -254.791885	1.784 4.928 -92.806	auto_ammo 2
ttt_random_weapon	-752.953430 -3804.240479 -254.809418	1.981 4.920 -92.354	auto_ammo 2
ttt_random_weapon	-1549.318970 -3809.065918 -254.782806	1.681 4.924 -93.041	auto_ammo 2
ttt_random_weapon	-2262.049316 -3963.454102 -231.783646	-2.499 -1.024 100.394	auto_ammo 2
ttt_random_weapon	-2811.116699 -3860.113770 -254.786789	1.726 4.926 -92.938	auto_ammo 2
ttt_random_weapon	-2670.408691 -3860.937988 -254.807709	1.962 4.927 -92.398	auto_ammo 2
ttt_random_weapon	-2144.804443 -3651.760254 -254.797028	1.842 4.927 -92.673	auto_ammo 2
ttt_random_weapon	-2393.392090 -3659.777588 -254.762497	1.451 4.906 -93.567	auto_ammo 2
ttt_random_weapon	-3035.225586 -3590.315918 -254.782349	1.676 4.924 -93.053	auto_ammo 2
ttt_random_weapon	-3099.126221 -3913.996094 -254.778076	1.628 4.921 -93.163	auto_ammo 2
ttt_random_weapon	-1260.480103 -3939.300293 -213.584793	1.678 4.766 -93.049	auto_ammo 2
ttt_random_weapon	-1321.557129 -3668.585938 -254.773087	1.571 4.917 -93.293	auto_ammo 2
ttt_random_weapon	-1149.010498 -3601.685303 -254.779282	1.642 4.922 -93.132	auto_ammo 2
ttt_random_weapon	-953.120728 -3644.047852 -254.797729	1.850 4.928 -92.656	auto_ammo 2
ttt_random_weapon	-903.492249 -3981.673096 -213.528229	1.199 3.120 -94.825	auto_ammo 2
ttt_random_weapon	-1066.729492 -4186.576172 -254.772781	1.568 4.917 -93.301	auto_ammo 2
ttt_random_weapon	-1173.559814 -4188.469727 -254.796356	1.834 4.930 -92.691	auto_ammo 2
ttt_random_weapon	-1270.966431 -4129.770996 -254.766006	1.491 4.910 -93.476	auto_ammo 2
ttt_random_weapon	-1367.347168 -3978.740479 -213.337143	1.814 4.776 -92.736	auto_ammo 2
ttt_random_weapon	-1593.478027 -3301.369385 -233.409409	1.950 4.453 -90.926	auto_ammo 2
ttt_random_weapon	-766.802612 -3312.051758 -230.285248	-6.556 -10.230 173.915	auto_ammo 2
ttt_random_weapon	148.608627 -3226.440186 -254.325958	-1.064 4.662 -95.711	auto_ammo 2
ttt_random_weapon	-689.252319 -2474.088135 -235.151016	1.710 3.644 -102.809	auto_ammo 2
ttt_random_weapon	-796.125916 -2467.194824 -236.323410	3.404 0.598 -103.052	auto_ammo 2
ttt_random_weapon	-1212.272461 -2561.242920 -241.480606	-1.927 3.206 78.018	auto_ammo 2
ttt_random_weapon	-1323.553589 -2539.729492 -237.816757	-2.745 -2.282 96.691	auto_ammo 2
ttt_random_weapon	-2984.578857 -2991.716309 -254.773407	1.575 4.917 -93.284	auto_ammo 2
ttt_random_weapon	-2472.041504 -3105.109131 -254.771255	1.551 4.915 -93.340	auto_ammo 2
ttt_random_weapon	-3083.737549 -2576.379395 -254.806046	1.943 4.925 -92.441	auto_ammo 2
ttt_random_weapon	-2818.204102 -2368.858154 -254.753540	1.357 4.541 -93.879	auto_ammo 2
ttt_random_weapon	-2716.868408 -2299.384033 -254.783279	1.687 4.924 -93.029	auto_ammo 2
ttt_random_weapon	-3240.984863 -2146.723389 -254.802856	1.907 4.928 -92.523	auto_ammo 2
ttt_random_weapon	-3236.717041 -2283.574219 -254.786270	1.720 4.926 -92.952	auto_ammo 2
ttt_random_weapon	-2720.983154 -3106.686279 -254.776917	1.615 4.920 -93.193	auto_ammo 2
ttt_random_weapon	-2708.559326 -1697.760620 -246.772919	1.569 4.985 -93.297	auto_ammo 2
ttt_random_weapon	-2707.518311 -1573.914551 -246.779907	1.648 4.988 -93.116	auto_ammo 2
ttt_random_weapon	-2705.170410 -1290.344238 -246.782562	1.679 4.989 -93.047	auto_ammo 2
ttt_random_weapon	-2710.670166 -1148.993286 -246.782562	1.679 4.988 -93.047	auto_ammo 2
ttt_random_weapon	-2711.214355 -1025.649048 -246.771683	1.556 4.984 -93.329	auto_ammo 2
ttt_random_weapon	-3245.227539 -1420.226563 -254.787323	1.732 4.927 -92.924	auto_ammo 2
ttt_random_weapon	-3259.318359 -1046.409912 -254.768295	1.517 4.913 -93.417	auto_ammo 2
ttt_random_weapon	-3249.713135 -703.231323 -254.780563	1.656 4.923 -93.099	auto_ammo 2
ttt_random_weapon	-3255.775391 -598.796875 -254.780136	1.651 4.923 -93.110	auto_ammo 2
ttt_random_weapon	-3056.454102 -108.282021 -254.765381	1.484 4.910 -93.492	auto_ammo 2
ttt_random_weapon	-3001.175537 -431.164795 -254.802094	1.899 4.927 -92.543	auto_ammo 2
ttt_random_weapon	-2254.105713 -185.100922 -203.708969	-2.653 5.433 -97.869	auto_ammo 2
ttt_random_weapon	-1996.716675 -369.384674 -193.731262	2.202 3.694 -93.156	auto_ammo 2
ttt_random_weapon	-1771.367676 -526.294373 -223.477570	7.648 -10.532 88.806	auto_ammo 2
ttt_random_weapon	-2639.093018 828.271545 -254.812088	2.011 4.924 -92.285	auto_ammo 2
ttt_random_weapon	-2589.210449 820.320984 -254.762024	1.446 4.906 -93.579	auto_ammo 2
ttt_random_weapon	-3074.279297 831.773499 -216.706863	1.546 2.963 -93.246	auto_ammo 2
ttt_random_weapon	-3095.144775 664.489197 -216.675491	1.436 5.187 -94.080	auto_ammo 2
ttt_random_weapon	-3178.159668 593.062439 -216.682648	1.443 5.358 -93.587	auto_ammo 2
ttt_random_weapon	-3236.116699 174.465515 -218.355850	1.639 4.764 -93.139	auto_ammo 2
ttt_random_weapon	-3146.937256 378.679443 -218.358429	1.668 4.766 -93.072	auto_ammo 2
ttt_random_weapon	-2863.468262 535.242310 -218.363281	1.722 4.769 -92.947	auto_ammo 2
ttt_random_weapon	-3396.996582 413.954773 -215.819931	1.449 4.671 -93.487	auto_ammo 2
ttt_random_weapon	-3767.848877 415.176300 -215.822800	1.471 4.675 -93.436	auto_ammo 2
ttt_random_weapon	-3715.330078 787.064941 -223.093262	1.297 3.068 -94.000	auto_ammo 2
ttt_random_weapon	-3750.658936 937.251587 -215.320786	1.705 4.904 -93.072	auto_ammo 2
ttt_random_weapon	-3451.669922 930.051575 -215.329712	1.711 4.906 -93.060	auto_ammo 2
ttt_random_weapon	-3275.149658 849.854309 -215.831940	1.611 4.892 -93.289	auto_ammo 2
ttt_random_weapon	-3246.444336 586.101929 -216.680725	1.421 4.746 -93.637	auto_ammo 2
ttt_random_weapon	-3178.936768 1005.820557 -254.786789	1.726 4.926 -92.938	auto_ammo 2
ttt_random_weapon	-3028.981934 1007.211670 -254.780136	1.651 4.923 -93.110	auto_ammo 2
ttt_random_weapon	-2550.963379 1282.542236 -254.756485	1.383 4.899 -93.723	auto_ammo 2
ttt_random_weapon	-2770.116699 1265.021118 -254.777298	1.619 4.920 -93.184	auto_ammo 2
ttt_random_weapon	-2073.285400 1395.344238 -254.779709	1.646 4.922 -93.121	auto_ammo 2
ttt_random_weapon	-2493.732910 1370.215576 -254.767334	1.506 4.912 -93.442	auto_ammo 2
ttt_random_weapon	-1998.792236 928.936523 -254.766190	1.457 4.379 -93.515	auto_ammo 2
ttt_random_weapon	-922.304565 707.919739 -254.762329	1.450 4.673 -93.572	auto_ammo 2
ttt_random_weapon	-1179.322144 591.508118 -256.589447	2.108 2.557 -93.001	auto_ammo 2
ttt_random_weapon	-769.680237 216.680878 -7.547902	1.405 4.567 -92.773	auto_ammo 2
ttt_random_weapon	-685.583740 347.370453 -8.396066	0.167 17.081 -94.515	auto_ammo 2
ttt_random_weapon	-755.559998 293.373444 -8.041604	1.177 5.676 -96.055	auto_ammo 2
ttt_random_weapon	-611.492065 411.182709 -10.690233	2.596 9.121 -94.455	auto_ammo 2
ttt_random_weapon	-107.377487 713.851379 -233.469910	2.243 6.797 -91.281	auto_ammo 2
ttt_random_weapon	-224.771194 714.455566 -233.418472	1.950 4.899 -90.957	auto_ammo 2
ttt_random_weapon	339.846924 630.305298 -275.766663	1.499 4.911 -93.459	auto_ammo 2
ttt_random_weapon	1095.166260 651.137390 -275.804413	1.925 4.924 -92.483	auto_ammo 2
ttt_random_weapon	1783.726318 1059.888306 -164.795685	1.827 4.929 -92.708	auto_ammo 2
ttt_random_weapon	2129.709229 1062.200073 -164.786789	1.726 4.927 -92.938	auto_ammo 2
ttt_random_weapon	2141.860840 1004.708618 -185.779282	1.642 4.922 -93.132	auto_ammo 2
ttt_random_weapon	1824.950195 1003.715881 -185.774734	1.590 4.919 -93.250	auto_ammo 2
ttt_random_weapon	1324.174927 1020.451599 -206.779282	1.642 4.922 -93.132	auto_ammo 2
ttt_random_weapon	1370.694946 1100.003418 -206.808563	1.972 4.920 -92.376	auto_ammo 2
ttt_random_weapon	1224.989746 960.889221 -206.784744	1.703 4.925 -92.991	auto_ammo 2
ttt_random_weapon	1679.213379 7.566991 -34.773235	1.573 4.985 -93.289	auto_ammo 2
ttt_random_weapon	1927.677612 -8.904695 113.234116	1.490 4.975 -93.479	auto_ammo 2
ttt_random_weapon	2057.146729 -199.524475 289.227386	1.566 4.984 -93.305	auto_ammo 2
ttt_random_weapon	2770.884033 -1754.687012 -254.784744	1.703 4.926 -92.991	auto_ammo 2
ttt_random_weapon	2621.791748 -48.227386 -206.772766	1.568 4.916 -93.301	auto_ammo 2
ttt_random_weapon	2400.578125 -52.010082 -206.774750	1.590 4.918 -93.249	auto_ammo 2
ttt_random_weapon	2799.108154 1150.174194 -206.770233	1.539 5.387 -93.366	auto_ammo 2
ttt_random_weapon	2500.991699 1581.941040 -206.799133	1.865 4.929 -92.619	auto_ammo 2
ttt_random_weapon	2495.474854 1470.167236 -206.780991	1.661 4.923 -93.088	auto_ammo 2
ttt_random_weapon	2511.091797 1484.753784 77.239769	1.426 4.904 -93.626	auto_ammo 2
ttt_random_weapon	2521.864990 1575.137085 77.236153	1.467 4.908 -93.532	auto_ammo 2
ttt_random_weapon	2036.560791 1236.105713 213.677170	4.516 3.321 -96.116	auto_ammo 2
ttt_random_weapon	2432.469482 1296.833618 213.217941	1.673 4.766 -93.061	auto_ammo 2
ttt_random_weapon	2458.208252 1235.051514 213.220566	1.643 4.764 -93.128	auto_ammo 2
ttt_random_weapon	1511.445923 1157.467529 213.216721	1.687 4.924 -93.029	auto_ammo 2
ttt_random_weapon	1446.969971 1083.931152 213.240814	1.414 4.902 -93.653	auto_ammo 2
ttt_random_weapon	1422.838623 1301.161621 77.202965	1.842 4.927 -92.673	auto_ammo 2
ttt_random_weapon	1424.508423 1394.439331 77.189697	1.991 4.921 -92.331	auto_ammo 2
ttt_random_weapon	1423.401367 1289.604492 -206.775803	1.602 4.919 -93.222	auto_ammo 2
ttt_random_weapon	1417.266113 1382.369751 -206.759399	1.416 4.903 -93.647	auto_ammo 2
ttt_random_weapon	844.320862 -359.771942 -206.785751	1.715 4.926 -92.965	auto_ammo 2
ttt_random_weapon	862.001404 -145.369186 -206.797714	1.850 4.928 -92.656	auto_ammo 2
ttt_random_weapon	1107.766235 -366.572235 -206.790100	1.764 4.928 -92.852	auto_ammo 2
ttt_random_weapon	1156.698242 -135.738129 -206.766205	1.494 4.910 -93.471	auto_ammo 2
ttt_random_weapon	799.070251 253.885117 -254.386734	1.374 3.267 -91.547	auto_ammo 2
ttt_random_weapon	1036.111084 350.412933 -253.853073	4.613 -21.295 -96.296	auto_ammo 2
ttt_random_weapon	1032.154297 432.832520 -253.629425	6.042 -6.019 -95.536	auto_ammo 2
ttt_random_weapon	632.022034 -1591.609253 -183.793762	9.970 5.686 -88.636	auto_ammo 2
ttt_random_weapon	327.302094 -1757.212891 -178.854340	4.577 9.825 -92.491	auto_ammo 2
ttt_random_weapon	1398.248047 -2480.941895 -254.885406	1.553 3.937 -93.140	auto_ammo 2
ttt_random_weapon	934.156738 -2544.973877 -254.782791	1.681 4.501 -93.041	auto_ammo 2
ttt_random_weapon	876.514160 -2308.334961 -260.372040	2.237 6.234 -103.093	auto_ammo 2
ttt_random_weapon	362.079498 -2433.943359 -235.795471	0.196 -6.996 96.724	auto_ammo 2
ttt_random_weapon	243.449127 -2441.954834 -236.798828	-4.396 -7.037 59.254	auto_ammo 2
ttt_random_weapon	580.800476 -2439.414063 -233.426315	-0.836 -13.803 96.901	auto_ammo 2
ttt_random_weapon	701.250854 -2459.350830 -238.468246	7.644 8.706 3.243	auto_ammo 2
ttt_random_weapon	357.595825 -3851.017578 -232.853958	0.206 -0.719 -102.568	auto_ammo 2
ttt_random_weapon	650.734131 -3875.679199 -233.463608	2.071 8.152 -90.954	auto_ammo 2
ttt_random_weapon	-193.430313 -3636.999023 -254.782349	1.676 4.924 -93.053	auto_ammo 2
ttt_random_weapon	-63.486748 -3636.780518 -254.781891	1.671 4.924 -93.065	auto_ammo 2
ttt_random_weapon	511.764099 -3655.872070 -233.405945	1.972 7.304 -91.413	auto_ammo 2
ttt_random_weapon	515.173950 -3626.007568 -233.407928	1.858 3.667 -90.491	auto_ammo 2
ttt_random_weapon	893.826721 -3841.540527 -254.782822	1.681 4.924 -93.041	auto_ammo 2
ttt_random_weapon	1277.764038 -2820.846191 -254.801331	1.890 4.927 -92.563	auto_ammo 2
ttt_random_weapon	1539.023682 -2811.421875 -254.806046	1.943 4.925 -92.441	auto_ammo 2
ttt_random_weapon	1788.254395 -2807.293213 -254.790695	1.770 4.927 -92.837	auto_ammo 2
ttt_random_weapon	2149.299805 -3300.076172 -213.603119	1.885 4.781 -92.575	auto_ammo 2
ttt_random_weapon	2168.192139 -3066.505127 -254.790100	1.764 4.928 -92.852	auto_ammo 2
ttt_random_weapon	2400.840332 -3139.405518 -254.801331	1.890 4.927 -92.563	auto_ammo 2
ttt_random_weapon	2652.603271 -3176.479248 -254.796356	1.834 4.930 -92.691	auto_ammo 2
ttt_random_weapon	2870.971924 -2491.312744 -254.784744	1.703 4.926 -92.991	auto_ammo 2
ttt_random_weapon	2885.390137 -2587.334961 -254.789536	1.757 4.928 -92.867	auto_ammo 2
ttt_random_weapon	2374.194092 -2405.190918 -254.793106	1.798 4.929 -92.775	auto_ammo 2
ttt_random_weapon	1703.246582 -2490.683350 -254.790100	1.764 4.928 -92.852	auto_ammo 2
ttt_random_weapon	2303.515137 -2281.030518 -254.799133	1.865 4.929 -92.619	auto_ammo 2
ttt_random_weapon	2324.613037 -2771.838623 -254.797028	1.842 4.927 -92.674	auto_ammo 2
ttt_random_weapon	2517.154541 -3242.241211 -117.788582	1.747 4.706 -92.892	auto_ammo 2
ttt_random_weapon	2278.701660 -3138.151367 -66.762344	1.450 4.565 -93.571	auto_ammo 2
ttt_random_weapon	2307.160645 -2560.597412 -66.760925	1.434 4.664 -93.608	auto_ammo 2
ttt_random_weapon	2137.910645 -2884.327393 -66.773483	1.576 5.070 -93.282	auto_ammo 2
ttt_random_weapon	2125.861816 -2810.931641 -66.781601	1.668 5.087 -93.072	auto_ammo 2
ttt_random_weapon	2844.133057 -3203.675049 254.746765	3.191 8.823 -91.841	auto_ammo 2
ttt_random_weapon	2835.227051 -2621.128418 255.766617	7.198 6.616 -90.631	auto_ammo 2
ttt_random_weapon	965.982788 -3255.391602 215.532394	-5.150 5.478 -98.445	auto_ammo 2
ttt_random_weapon	919.028076 -3184.059570 213.910156	-4.681 -6.509 91.555	auto_ammo 2
ttt_random_weapon	2330.723877 -3290.662109 294.346436	-7.598 4.545 -98.684	auto_ammo 2
ttt_random_weapon	2553.655273 -3287.212646 294.957733	2.721 7.737 -99.404	auto_ammo 2
ttt_random_weapon	2431.061768 -3480.002686 305.164215	1.784 4.503 -92.497	auto_ammo 2
ttt_random_weapon	2435.702148 -3401.849365 305.215271	1.703 4.926 -92.991	auto_ammo 2
ttt_random_weapon	2431.301514 -3505.043457 25.204971	1.819 4.928 -92.725	auto_ammo 2
ttt_random_weapon	2417.072754 -3399.976318 25.206259	1.805 4.927 -92.758	auto_ammo 2
ttt_random_weapon	356.389069 -3283.173340 350.187653	2.362 3.084 -92.199	auto_ammo 2
ttt_random_weapon	-530.806580 -3341.073242 193.206696	1.800 4.711 -92.770	auto_ammo 2
ttt_random_weapon	-723.789185 -3342.886963 193.217041	1.683 4.700 -93.037	auto_ammo 2
ttt_random_weapon	-969.222961 -3343.057129 193.224075	1.604 4.689 -93.219	auto_ammo 2
ttt_random_weapon	-1901.155273 -3342.741699 193.216095	1.694 4.700 -93.012	auto_ammo 2
ttt_random_weapon	-2629.948242 -3288.142578 367.459290	1.130 3.015 -95.137	auto_ammo 2
ttt_random_weapon	-3310.779297 -3303.779541 225.204102	1.829 4.713 -92.703	auto_ammo 2
ttt_random_weapon	-3280.835938 769.658264 253.212509	1.734 4.705 -92.920	auto_ammo 2
ttt_random_weapon	-3227.745850 526.233337 71.412201	1.462 4.750 -93.544	auto_ammo 2
ttt_random_weapon	-3144.526123 745.546570 71.396561	1.639 4.764 -93.139	auto_ammo 2
ttt_random_weapon	-2975.461670 795.551025 71.386978	1.747 4.771 -92.891	auto_ammo 2
ttt_random_weapon	-1039.771240 -818.578125 -232.574127	0.918 -0.263 -94.068	auto_ammo 2
ttt_random_weapon	-1024.853271 -1028.227173 -232.548203	1.330 -24.113 -93.841	auto_ammo 2
ttt_random_weapon	-1171.948853 -1150.644043 -232.564255	1.515 4.754 -93.421	auto_ammo 2
ttt_random_weapon	-1400.689331 -1080.550293 -232.559357	1.215 4.999 -93.829	auto_ammo 2
ttt_random_weapon	-1395.053223 -797.214355 -232.058105	-2.322 -34.403 85.568	auto_ammo 2
ttt_random_weapon	-1271.406128 -840.379700 -236.321579	1.639 4.764 -93.139	auto_ammo 2
ttt_random_weapon	-1204.651611 -838.389587 -236.569778	1.542 4.757 -93.360	auto_ammo 2
ttt_random_weapon	-1275.433105 -1021.956909 -237.796951	1.559 4.758 -93.322	auto_ammo 2
ttt_random_weapon	-591.626038 -710.949524 -256.670410	1.846 6.613 -91.485	auto_ammo 2
ttt_random_weapon	-463.305511 -712.783081 -256.755768	1.129 8.804 -90.990	auto_ammo 2
ttt_random_weapon	-298.965912 -727.942505 -241.325760	1.694 4.768 -93.012	auto_ammo 2
ttt_random_weapon	-268.373016 -1045.070923 -255.800018	-3.804 -1.192 79.019	auto_ammo 2
ttt_random_weapon	-154.477432 -1025.224365 -256.739075	1.776 2.779 -91.117	auto_ammo 2
ttt_random_weapon	144.431198 -999.206116 -278.049774	1.692 4.615 -93.016	auto_ammo 2
ttt_random_weapon	154.481583 -859.467834 -278.046844	1.659 4.238 -93.091	auto_ammo 2
ttt_random_weapon	-944.880188 -1415.796753 -229.947708	4.191 4.871 -94.132	auto_ammo 2
ttt_random_weapon	-1331.005005 -1293.172729 -256.714203	1.785 3.257 -90.799	auto_ammo 2
ttt_random_weapon	-1657.551025 -968.419434 -278.068542	1.904 4.588 -92.531	auto_ammo 2
ttt_random_weapon	-763.942139 -644.356934 -278.035645	1.533 4.271 -93.382	auto_ammo 2
ttt_random_weapon	-69.416313 -873.276672 325.220551	1.643 4.764 -93.128	auto_ammo 2
ttt_random_weapon	-60.650703 -923.763123 325.211395	1.747 4.771 -92.891	auto_ammo 2
ttt_random_weapon	155.148941 -942.019165 325.220978	1.639 4.764 -93.139	auto_ammo 2
ttt_random_weapon	-2307.327881 -2476.495605 -254.766510	1.497 4.675 -93.463	auto_ammo 2
ttt_random_weapon	-2300.434570 -2373.821045 -259.146454	1.128 8.223 -98.937	auto_ammo 2
ttt_random_weapon	-2373.418457 -2436.258545 -254.810303	1.195 7.581 -98.132	auto_ammo 2
ttt_random_weapon	-2368.202637 -2362.543945 -264.422546	-0.385 8.449 -105.926	auto_ammo 2
ttt_random_ammo	3086.399414 -2872.203369 -255.619003	0.190 0.001 0.171
ttt_random_ammo	3045.614014 -2875.196045 -255.608688	0.535 0.004 0.596
ttt_random_ammo	3068.502441 -2872.925049 -255.610779	0.402 0.002 0.434
ttt_random_ammo	3029.333008 -2880.920166 -255.630829	0.090 0.000 0.044
ttt_random_ammo	3008.596680 -2882.602783 -255.685242	0.047 0.000 -0.036
ttt_playerspawn	-624.127808 -3581.483643 -255.483902	-0.082 -0.000 0.082
ttt_playerspawn	-833.138733 -3463.119629 -255.465927	-0.064 -0.000 0.064
ttt_playerspawn	-1069.027954 -3435.740967 -255.471085	-0.069 -0.000 0.069
ttt_playerspawn	-1297.346680 -3422.920898 -255.474365	-0.073 -0.000 0.073
ttt_playerspawn	-1473.764893 -3473.849854 -255.436111	-0.035 -0.000 0.035
ttt_playerspawn	-1642.005859 -3601.853271 -255.483902	-0.082 -0.000 0.082
ttt_playerspawn	-1694.308594 -3790.907715 -255.431076	-0.030 -0.000 0.030
ttt_playerspawn	-1057.465332 -4557.993164 -255.440109	-0.039 -0.000 0.039
ttt_playerspawn	-1291.027710 -4558.017090 -255.445923	-0.045 -0.000 0.045
ttt_playerspawn	-736.667542 -1189.029785 -278.694824	0.045 -0.000 -0.046
ttt_playerspawn	-723.498901 -1062.859619 -278.738983	-0.253 0.229 0.022
ttt_playerspawn	-1446.376709 -755.664612 -278.705261	-0.047 -0.000 0.047
ttt_playerspawn	-1480.214600 -839.392944 -278.725403	-0.028 0.069 -0.193
ttt_playerspawn	-2939.759033 -1729.332886 -247.459930	-0.057 -0.000 0.057
ttt_playerspawn	-2952.602539 -1016.353210 -247.425827	-0.025 -0.000 0.025
ttt_playerspawn	-3005.131592 -3732.808838 -255.432999	-0.032 -0.000 0.032
ttt_playerspawn	-3089.208008 -2714.763672 -255.432297	-0.223 0.019 -0.121
ttt_playerspawn	-3274.159912 -914.196960 -255.438919	-0.038 -0.000 0.038
ttt_playerspawn	-3277.002441 471.718689 -255.434509	-0.034 -0.000 0.033
ttt_playerspawn	-2925.018555 975.917358 -255.445923	-0.045 -0.000 0.045
ttt_playerspawn	-3723.892578 885.891235 -255.477173	-0.018 -0.000 0.020
ttt_playerspawn	-3795.178955 459.377411 -255.422882	-0.245 0.006 -0.202
ttt_playerspawn	-3279.562012 1189.450562 -255.425568	0.025 0.000 0.025
ttt_playerspawn	-2852.601318 -201.307846 -255.418121	-0.019 0.000 0.016
ttt_playerspawn	-2285.318359 693.945557 -255.470032	-0.068 0.000 -0.068
ttt_playerspawn	-2029.791626 1163.677856 -255.445236	-0.044 -0.000 0.044
ttt_playerspawn	-759.796021 485.749115 -16.935259	2.515 0.466 0.085
ttt_playerspawn	-650.958618 494.904327 -15.715070	-1.975 -0.288 -1.620
ttt_playerspawn	27.311089 -918.590454 324.553131	0.016 0.146 0.165
ttt_playerspawn	2049.942139 -0.428332 288.540070	-0.057 -0.000 0.057
ttt_playerspawn	837.964844 -225.172989 -207.477798	-0.076 -0.000 0.076
ttt_playerspawn	1132.913818 -259.658478 -207.435028	-0.034 -0.000 0.034
ttt_playerspawn	1979.416016 908.135498 -207.453384	0.052 0.000 0.052
ttt_playerspawn	2685.741699 1453.324585 -207.466919	-0.065 -0.000 0.065
ttt_playerspawn	2840.775635 1081.609863 212.559280	-0.040 -0.000 0.040
ttt_playerspawn	1774.623779 1259.318604 212.541550	0.057 0.000 0.057
ttt_playerspawn	1572.392456 1284.274414 -207.438919	-0.038 -0.000 0.038
ttt_playerspawn	578.088379 368.415344 -276.437195	-0.036 -0.000 0.036
ttt_playerspawn	959.621277 504.906372 -276.462067	-0.061 0.000 -0.061
ttt_playerspawn	-313.712280 706.588745 -255.478989	-0.077 -0.000 0.077
ttt_playerspawn	-1266.796875 -951.558655 -278.428650	-0.079 -0.004 -0.012
ttt_playerspawn	515.449219 -2460.139893 -255.381775	-0.087 -0.007 0.268
ttt_playerspawn	1243.893066 -2450.478516 -255.442734	-0.165 -0.103 0.043
ttt_playerspawn	1990.784912 -2344.035156 -255.451797	-0.051 -0.000 0.051
ttt_playerspawn	2745.822021 -1507.606812 -255.482651	-0.081 -0.000 0.081
ttt_playerspawn	2570.761963 -2395.179932 -255.482651	-0.081 -0.000 0.081
ttt_playerspawn	2587.818115 -3239.279053 -255.433990	-0.033 -0.000 0.033
ttt_playerspawn	2276.422852 -2845.423828 -67.452820	-0.064 -0.000 0.064
ttt_playerspawn	2572.058105 -3400.930908 -117.481415	-0.080 -0.000 0.080
ttt_playerspawn	2747.330811 -3010.028564 252.420700	0.355 -0.059 -0.002
ttt_playerspawn	1098.374268 -3222.768799 228.922256	-6.982 -2.002 -4.122
ttt_playerspawn	-1183.500977 -3344.752197 192.562561	0.052 0.027 0.167
ttt_playerspawn	-565.957336 -4767.924316 -255.425568	-0.025 0.000 0.024
ttt_playerspawn	-1802.757690 -4757.941406 -255.431061	-0.031 -0.000 0.030
ttt_playerspawn	-2456.041504 -3892.390625 -255.455856	-0.055 -0.000 0.054
ttt_playerspawn	137.527267 -3605.769043 -255.463974	-0.062 -0.000 0.062
ttt_playerspawn	849.199402 -3411.043457 -255.481415	-0.080 -0.000 0.080
weapon_zm_molotov	-2040.640381 -4613.598633 228.576813	3.027 -0.136 -3.144
weapon_zm_molotov	-2038.641479 -4602.438965 228.587219	2.712 -0.133 -2.809
weapon_zm_molotov	-266.425507 -4686.229980 228.588577	2.738 -0.134 -2.848
weapon_zm_molotov	-266.542419 -4668.456055 228.498474	0.237 0.002 0.113
weapon_zm_molotov	-1309.667969 -3572.624756 -206.496246	0.258 0.003 0.080
weapon_zm_molotov	-942.134216 -3572.465820 -206.383209	1.899 -0.120 -1.965
weapon_zm_molotov	-1614.719849 -2749.577637 -254.411026	71.486 81.290 -89.677
weapon_zm_molotov	-348.019104 -2417.036377 -243.175491	8.782 2.869 -95.312
weapon_zm_molotov	2834.216064 -3111.075684 256.877350	0.426 0.784 -1.665
weapon_zm_molotov	2515.773926 -3457.129883 -113.488396	0.329 0.002 0.018
weapon_zm_molotov	1632.927734 1153.225952 -203.488388	0.329 0.002 0.018
weapon_zm_molotov	-824.035278 532.832153 -10.861762	3.536 -1.068 2.794
weapon_zm_molotov	-3510.968262 771.598999 -218.454102	1.806 0.089 2.799
weapon_zm_molotov	-3520.683838 777.411987 -218.503632	2.562 0.057 4.027
weapon_zm_molotov	-3520.375488 763.090820 -218.362396	0.641 0.073 0.896
weapon_zm_molotov	-3505.781250 781.182922 -218.520279	0.979 -0.004 1.158
weapon_ttt_confgrenade	-261.715149 -4580.789063 227.564957	1.230 0.225 -0.513
weapon_ttt_confgrenade	-260.130280 -4565.494629 227.587692	0.895 0.222 -0.373
weapon_ttt_confgrenade	-2039.851685 -4514.300293 227.573364	1.106 0.223 -0.461
weapon_ttt_confgrenade	-2040.861816 -4502.086914 227.582932	0.966 0.222 -0.403
weapon_ttt_confgrenade	-1306.273682 -3581.323730 -207.490936	1.848 0.265 1.608
weapon_ttt_confgrenade	-948.790955 -3583.462891 -207.500641	2.184 0.215 -0.910
weapon_ttt_confgrenade	-1026.596069 -2415.998535 -242.571976	-12.610 5.792 -96.015
weapon_ttt_confgrenade	-492.618347 -2554.079834 -242.457367	-47.103 30.019 -118.106
weapon_ttt_confgrenade	-576.792175 -2576.683594 -242.554947	-43.865 28.448 -124.648
weapon_ttt_confgrenade	-143.360184 -2412.508789 -243.310532	37.385 -93.519 -105.368
weapon_ttt_confgrenade	2854.484863 -3114.273926 255.977219	-0.162 0.213 -2.003
weapon_ttt_confgrenade	2323.287598 -2602.655273 -244.419083	0.995 0.224 -0.415
weapon_ttt_confgrenade	2336.445557 -2574.746338 -244.404602	0.781 0.222 -0.326
weapon_ttt_confgrenade	2314.895996 -2561.504639 -244.453293	1.497 0.225 -0.624
weapon_ttt_confgrenade	2707.661621 -1128.075073 -252.433258	0.984 0.135 -0.249
weapon_ttt_confgrenade	-812.584961 534.821350 -12.225703	2.629 1.127 7.179
weapon_ttt_confgrenade	-2853.140381 389.792419 -252.428467	0.926 0.135 -0.235
weapon_ttt_confgrenade	-3884.834473 692.404724 -230.157532	1.248 0.225 -0.521
weapon_ttt_confgrenade	-3887.553467 821.957764 -230.180893	1.590 0.225 -0.663
item_ammo_revolver_ttt	1618.189087 -2768.633301 230.603180	0.244 -0.030 -0.861
item_ammo_revolver_ttt	1635.468628 -2761.354004 230.442307	8.415 -0.222 -3.373
item_ammo_revolver_ttt	-130.739227 -3287.517578 -233.233109	-0.265 0.358 12.577
item_ammo_revolver_ttt	-129.914276 -3277.584473 -233.804169	-0.451 -0.635 1.345
item_ammo_revolver_ttt	-926.278442 -4746.007813 -233.717163	-0.646 -0.222 -6.705
item_ammo_revolver_ttt	-925.824646 -4734.218750 -234.132614	0.357 -0.769 2.413
item_ammo_revolver_ttt	-1293.746826 -4741.348145 -233.726898	0.258 0.612 -6.298
item_ammo_revolver_ttt	-1306.728516 -4741.694336 -233.907288	0.018 0.361 -4.388
item_ammo_revolver_ttt	-1992.487793 -3423.315430 -234.069443	-9.138 -0.209 -0.324
item_ammo_revolver_ttt	-1984.774658 -3419.200928 -234.244644	-0.074 0.454 -0.218
item_ammo_revolver_ttt	-3310.031494 -1136.319946 -227.553970	0.473 0.055 0.010
item_ammo_revolver_ttt	-3299.446045 -1137.322144 -227.634659	0.457 0.060 0.041
item_ammo_revolver_ttt	-3147.077148 317.404785 -219.153549	0.464 0.051 0.016
item_ammo_revolver_ttt	-3166.137695 324.420349 -219.228333	0.442 0.059 0.043
item_ammo_revolver_ttt	-2760.727539 779.382751 -219.233978	0.440 0.059 0.045
item_ammo_revolver_ttt	-2770.289307 778.821777 -219.209686	0.447 0.055 0.036
item_ammo_revolver_ttt	-3288.361572 995.866272 -255.678329	0.448 0.068 0.059
item_ammo_revolver_ttt	-3295.615479 1002.551086 -255.680588	0.448 0.073 0.060
item_ammo_revolver_ttt	-1266.607178 -724.933350 -233.371704	0.503 -0.068 0.013
item_ammo_revolver_ttt	-1262.187256 -709.942444 -233.465790	0.420 -0.033 0.036
item_ammo_revolver_ttt	134.166000 -1071.461426 324.332550	0.451 0.066 0.054
item_ammo_revolver_ttt	137.028320 -1036.089966 324.387878	0.462 0.057 0.032
item_ammo_revolver_ttt	-692.283813 575.350159 -14.926489	1.214 0.393 3.680
item_ammo_revolver_ttt	-709.147583 566.305969 -15.456567	0.848 -0.041 4.164
item_ammo_revolver_ttt	1361.261963 1118.767334 234.305588	0.520 0.305 -7.164
item_ammo_revolver_ttt	1374.133545 1122.185913 234.194458	0.480 0.736 -3.044
item_ammo_revolver_ttt	2702.523926 1389.901123 253.583527	0.453 0.053 0.029
item_ammo_revolver_ttt	2697.510986 1379.788574 253.643265	0.965 0.620 -0.011
item_ammo_revolver_ttt	2717.197021 -1922.635132 -255.657486	0.452 0.062 0.051
item_ammo_revolver_ttt	2736.061279 -1910.887939 -255.586212	0.467 0.054 0.023
item_ammo_revolver_ttt	-2696.129883 -1444.227783 -247.651871	0.453 0.061 0.049
item_ammo_revolver_ttt	-2712.182861 -1423.399414 -247.636337	0.456 0.057 0.043
item_ammo_revolver_ttt	1806.812256 -2991.210205 -255.622742	0.459 0.056 0.037
item_ammo_revolver_ttt	1818.664795 -2963.237305 -255.605011	0.463 0.055 0.030
item_ammo_revolver_ttt	1377.761108 -2972.467529 -255.587952	0.466 0.054 0.023
item_ammo_revolver_ttt	1399.879761 -2949.665039 -255.557495	0.472 0.054 0.011
item_ammo_revolver_ttt	2303.322998 -3270.922119 -255.671738	0.450 0.068 0.057
item_ammo_revolver_ttt	2291.463379 -3253.849609 -255.689987	0.446 0.073 0.064
item_ammo_revolver_ttt	2308.140869 -3215.693604 -255.614685	0.461 0.056 0.034
item_ammo_revolver_ttt	2362.969971 -2424.663086 -67.682915	0.447 0.072 0.061
item_ammo_revolver_ttt	2389.076172 -2432.310059 -67.559235	0.472 0.053 0.012
item_ammo_revolver_ttt	-2023.884399 -3339.641602 192.373215	0.393 0.101 0.198
item_ammo_revolver_ttt	-2015.119873 -3347.096436 196.885254	72.566 111.206 162.522
item_ammo_revolver_ttt	-1993.583618 -3346.632568 192.369949	0.458 0.057 0.040
item_ammo_revolver_ttt	-259.703735 -4641.451660 224.305069	0.445 0.079 0.066
item_ammo_revolver_ttt	-259.993103 -4612.405762 224.459549	0.476 0.053 0.004
item_ammo_revolver_ttt	-259.440430 -4597.973145 224.392670	0.462 0.055 0.031
item_ammo_revolver_ttt	-2044.723267 -4566.254883 224.464371	1.316 -0.351 -0.680
item_ammo_revolver_ttt	-2044.811279 -4582.217285 224.431946	1.851 -0.247 -0.513
item_ammo_revolver_ttt	-2044.612061 -4538.582031 224.421707	1.436 0.817 -0.008
weapon_zm_revolver	1603.716064 -2747.671875 231.950668	2.309 -20.005 -84.263
weapon_zm_revolver	-119.294853 -3279.282471 -232.895157	-7.743 -24.612 -88.293
weapon_zm_revolver	-914.674377 -4736.155762 -232.562561	3.446 -19.771 -82.584
weapon_zm_revolver	-1283.282227 -4743.582520 -232.977448	9.397 30.504 73.113
weapon_zm_revolver	-1988.663818 -3446.565674 -232.690308	1.267 -24.551 -85.572
weapon_zm_revolver	-3310.151123 -1165.442139 -226.055069	2.465 -20.584 -84.391
weapon_zm_revolver	-3148.255371 336.404022 -217.638077	2.481 -20.574 -84.232
weapon_zm_revolver	-2770.998047 788.958557 -217.612625	2.412 -20.610 -84.886
weapon_zm_revolver	-3287.964600 1017.638245 -254.087570	2.445 -20.367 -83.738
weapon_zm_revolver	-1233.686890 -708.268494 -231.853302	2.736 -20.466 -83.844
weapon_zm_revolver	168.289551 -1046.889282 325.916199	2.542 -20.535 -83.658
weapon_zm_revolver	-731.849304 591.970703 -12.003724	4.486 -24.525 -81.130
weapon_zm_revolver	1334.285522 1127.442017 235.408203	4.226 -22.966 -80.510
weapon_zm_revolver	2669.011475 1389.913452 255.111160	2.547 -20.530 -83.613
weapon_zm_revolver	2710.541016 -1952.064209 -254.111832	2.467 -20.321 -83.193
weapon_zm_revolver	-2700.411133 -1409.931396 -246.064163	2.511 -19.709 -84.108
weapon_zm_revolver	1830.147461 -2982.101318 -254.109268	2.465 -20.329 -83.250
weapon_zm_revolver	1408.282104 -2967.862549 -254.115814	2.471 -20.318 -83.103
weapon_zm_revolver	2309.002930 -3241.068848 -254.111832	2.467 -20.321 -83.193
weapon_zm_revolver	2367.180908 -2407.122070 -66.044228	2.568 -20.175 -84.421
weapon_zm_revolver	-2013.128418 -3341.768311 193.967209	2.371 -22.375 -85.071
weapon_zm_revolver	-269.652954 -4622.598633 225.937119	3.267 -41.641 -82.857
weapon_zm_revolver	-2044.985596 -4553.829102 225.941025	2.718 -20.118 -83.839
