# Trouble in Terrorist Town weapon/ammo placement overrides
# For map: ttt_stadium
# Exported by: niclas
setting:	replacespawns 1
ttt_random_weapon	-294.479889 -117.035706 233.195572	1.925 4.924 -92.483	auto_ammo 2
ttt_random_weapon	-293.109131 2.788249 233.200867	1.865 4.929 -92.619	auto_ammo 2
ttt_random_weapon	-279.886597 647.414185 193.219238	1.658 4.987 -93.094	auto_ammo 2
ttt_random_weapon	103.579193 638.092529 193.218353	1.668 4.987 -93.071	auto_ammo 2
ttt_random_weapon	170.278091 524.692261 233.224777	1.596 4.761 -93.237	auto_ammo 2
ttt_random_weapon	-91.255234 527.104614 233.222946	1.616 4.762 -93.190	auto_ammo 2
ttt_random_weapon	256.836914 170.235397 229.225296	1.575 5.722 -93.341	auto_ammo 2
ttt_random_weapon	166.899124 170.886093 229.218613	1.646 5.718 -93.195	auto_ammo 2
ttt_random_weapon	46.599514 171.236374 229.188965	1.962 5.706 -92.546	auto_ammo 2
ttt_random_weapon	-11.994967 171.781647 229.188965	1.962 5.706 -92.546	auto_ammo 2
ttt_random_weapon	-105.553932 178.742310 230.950378	9.089 -1.387 -94.369	auto_ammo 2
ttt_random_weapon	704.731018 -109.412849 65.239380	1.430 4.904 -93.616	auto_ammo 2
ttt_random_weapon	702.001526 474.129761 193.215759	1.698 4.925 -93.004	auto_ammo 2
ttt_random_weapon	703.986816 398.043243 193.199417	1.882 4.926 -92.582	auto_ammo 2
ttt_random_weapon	703.548889 318.838165 193.216232	1.692 4.925 -93.016	auto_ammo 2
ttt_random_weapon	376.564087 205.482193 1.225552	1.587 4.630 -93.257	auto_ammo 2
ttt_random_weapon	94.000664 799.451416 1.189841	1.953 5.706 -92.566	auto_ammo 2
ttt_random_weapon	94.237617 819.902710 1.166761	2.197 5.689 -92.062	auto_ammo 2
ttt_random_weapon	-21.502607 712.697998 1.172707	2.134 5.695 -92.192	auto_ammo 2
ttt_random_weapon	219.131958 671.499512 1.206976	1.770 5.715 -92.940	auto_ammo 2
ttt_random_weapon	216.743607 624.170654 1.187131	1.981 5.707 -92.506	auto_ammo 2
ttt_random_weapon	94.479477 488.450012 33.223145	1.614 5.604 -93.195	auto_ammo 2
ttt_random_weapon	211.002014 491.481537 64.716942	1.069 4.547 -94.962	auto_ammo 2
ttt_random_weapon	162.802414 282.031647 33.207905	1.786 4.774 -92.801	auto_ammo 2
ttt_random_weapon	27.204020 279.808167 33.221382	1.634 4.763 -93.149	auto_ammo 2
ttt_random_weapon	-267.104218 206.264389 1.218557	1.666 4.923 -93.076	auto_ammo 2
ttt_random_weapon	-194.757751 205.377762 1.212137	1.738 4.926 -92.910	auto_ammo 2
ttt_random_weapon	-97.423698 201.976074 1.202965	1.842 4.927 -92.673	auto_ammo 2
ttt_random_weapon	-15.507862 205.903503 1.208717	1.777 4.928 -92.822	auto_ammo 2
ttt_random_weapon	55.570126 203.556580 1.204971	1.819 4.928 -92.725	auto_ammo 2
ttt_random_weapon	137.439545 201.903351 1.214249	1.715 4.926 -92.965	auto_ammo 2
ttt_random_weapon	222.089310 204.103165 1.212677	1.732 4.927 -92.924	auto_ammo 2
ttt_random_weapon	297.259399 203.405899 1.224190	1.602 4.919 -93.222	auto_ammo 2
ttt_random_weapon	-444.744324 190.419724 1.191441	1.972 4.920 -92.376	auto_ammo 2
ttt_random_weapon	-209.217224 -135.759979 1.206260	1.805 4.928 -92.758	auto_ammo 2
ttt_random_weapon	355.823914 -140.389328 1.204315	1.827 4.929 -92.708	auto_ammo 2
ttt_random_weapon	1209.661133 3091.054199 193.221344	1.634 4.988 -93.148	auto_ammo 2
ttt_random_weapon	1104.686890 3048.527588 233.233490	1.497 4.753 -93.463	auto_ammo 2
ttt_random_weapon	1104.591309 2712.098389 233.226135	1.580 4.759 -93.273	auto_ammo 2
ttt_random_weapon	1212.314209 2773.863037 193.218353	1.668 4.987 -93.071	auto_ammo 2
ttt_random_weapon	1050.491455 2471.512451 193.235992	1.461 5.727 -93.576	auto_ammo 2
ttt_random_weapon	641.336975 2776.634521 1.240595	1.416 4.903 -93.647	auto_ammo 2
ttt_random_weapon	720.743408 2772.948242 1.212681	1.732 4.927 -92.924	auto_ammo 2
ttt_random_weapon	783.757751 2475.795410 1.218557	1.666 4.923 -93.076	auto_ammo 2
ttt_random_weapon	693.747375 2474.437500 1.197147	1.907 4.928 -92.523	auto_ammo 2
ttt_random_weapon	926.755920 2656.561279 1.210468	1.757 4.928 -92.867	auto_ammo 2
ttt_random_weapon	927.611755 2600.202881 1.216238	1.692 4.925 -93.016	auto_ammo 2
ttt_random_weapon	926.437683 2547.949219 1.200868	1.865 4.929 -92.619	auto_ammo 2
ttt_random_weapon	809.087830 2855.514893 65.197144	1.907 4.928 -92.523	auto_ammo 2
ttt_random_weapon	729.011841 2861.311279 65.213211	1.726 4.926 -92.938	auto_ammo 2
ttt_random_weapon	661.379944 3166.826904 1.211031	1.751 4.927 -92.882	auto_ammo 2
ttt_random_weapon	561.110657 3161.363770 1.193133	1.952 4.926 -92.420	auto_ammo 2
ttt_random_weapon	489.353973 3155.388672 1.216236	1.692 4.925 -93.016	auto_ammo 2
ttt_random_weapon	324.861053 2940.559082 1.197916	1.899 4.927 -92.543	auto_ammo 2
ttt_random_weapon	416.083710 2942.872314 1.209311	1.770 4.927 -92.837	auto_ammo 2
ttt_random_weapon	488.156738 3011.122803 1.192294	1.962 4.927 -92.398	auto_ammo 2
ttt_random_weapon	485.573395 3086.176758 1.194773	1.934 4.924 -92.462	auto_ammo 2
ttt_random_weapon	328.992798 2857.354492 1.197147	1.907 4.928 -92.523	auto_ammo 2
ttt_random_weapon	475.621460 2382.907715 1.211031	1.751 4.927 -92.882	auto_ammo 2
ttt_random_weapon	1056.635254 3160.125244 193.178223	2.076 5.700 -92.312	auto_ammo 2
ttt_random_weapon	1059.532349 2909.269287 193.213287	1.703 5.717 -93.078	auto_ammo 2
ttt_random_weapon	1060.590088 2861.641113 193.219498	1.637 5.720 -93.214	auto_ammo 2
ttt_random_weapon	1057.776978 2818.113281 193.235840	1.462 5.704 -93.572	auto_ammo 2
ttt_random_weapon	327.294586 2771.961914 193.161667	2.251 5.678 -91.951	auto_ammo 2
ttt_random_weapon	420.545929 2784.628662 193.186203	1.991 5.709 -92.486	auto_ammo 2
ttt_random_weapon	515.794556 2780.323486 193.203064	1.812 5.715 -92.855	auto_ammo 2
ttt_random_weapon	602.874084 2771.321045 193.223877	1.590 5.721 -93.310	auto_ammo 2
ttt_random_weapon	702.674805 2776.661377 193.174957	2.111 5.694 -92.241	auto_ammo 2
ttt_random_weapon	811.456726 2780.734131 193.205063	1.791 5.713 -92.898	auto_ammo 2
ttt_random_weapon	-704.288879 1618.594727 193.222137	1.625 4.988 -93.169	auto_ammo 2
ttt_random_weapon	-707.112732 1867.890015 193.217438	1.679 4.988 -93.047	auto_ammo 2
ttt_random_weapon	-2376.927490 1629.503540 193.221741	1.630 4.989 -93.159	auto_ammo 2
ttt_random_weapon	-2388.426270 1443.484009 193.222137	1.625 4.988 -93.169	auto_ammo 2
ttt_random_weapon	-3136.805664 2650.286865 1.222526	1.621 4.988 -93.179	auto_ammo 2
ttt_random_weapon	-2909.299561 2445.513428 1.235126	1.478 4.973 -93.506	auto_ammo 2
ttt_random_weapon	-3202.082520 2196.108887 1.222138	1.625 4.988 -93.169	auto_ammo 2
ttt_random_weapon	-1927.502686 4.450937 193.227844	1.561 4.916 -93.317	auto_ammo 2
ttt_random_weapon	-2000.240112 12.809080 193.221527	1.632 4.921 -93.153	auto_ammo 2
ttt_random_weapon	-1622.101196 -16.673378 193.214249	1.715 4.926 -92.965	auto_ammo 2
ttt_random_weapon	-1698.954834 -18.132521 193.227844	1.561 4.916 -93.317	auto_ammo 2
ttt_random_weapon	-2090.404785 822.733521 235.228333	1.555 4.758 -93.330	auto_ammo 2
ttt_random_weapon	-2146.752686 821.891724 235.192841	1.956 4.786 -92.412	auto_ammo 2
ttt_random_weapon	-2274.274902 1207.301636 229.108704	1.858 5.714 -92.761	auto_ammo 2
ttt_random_weapon	-1904.593872 1220.319580 229.075439	2.210 5.690 -92.035	auto_ammo 2
ttt_random_weapon	-1977.897095 2790.324463 1.238842	1.436 4.905 -93.602	auto_ammo 2
ttt_random_weapon	-1743.879639 2789.966064 1.208717	1.777 4.928 -92.822	auto_ammo 2
ttt_random_weapon	-2647.595459 2800.681885 1.203646	1.834 4.930 -92.691	auto_ammo 2
ttt_random_weapon	-2481.868164 2779.055420 1.213210	1.726 4.926 -92.938	auto_ammo 2
ttt_random_weapon	-1831.502563 1765.326538 1.212677	1.732 4.927 -92.924	auto_ammo 2
ttt_random_weapon	-898.013062 1823.388306 1.217648	1.676 4.924 -93.053	auto_ammo 2
ttt_random_weapon	-1004.771973 2778.348633 193.204361	1.786 5.214 -92.755	auto_ammo 2
ttt_random_weapon	-858.151978 2788.593506 193.224197	1.602 4.919 -93.222	auto_ammo 2
ttt_random_weapon	-2385.139648 1931.781982 193.198029	1.866 5.710 -92.745	auto_ammo 2
ttt_random_weapon	-2375.638916 2031.357788 193.210541	1.732 5.716 -93.018	auto_ammo 2
ttt_random_weapon	-1592.521240 1060.364502 193.216782	1.666 5.720 -93.155	auto_ammo 2
ttt_random_weapon	-2095.676270 1863.112915 216.043259	0.255 3.025 -94.883	auto_ammo 2
ttt_random_weapon	-2096.807373 1833.816406 215.246185	-11.305 2.751 -4.475	auto_ammo 2
ttt_random_weapon	-485.047028 1212.958984 193.231949	1.514 4.912 -93.423	auto_ammo 2
ttt_random_weapon	-629.796509 1206.739014 193.191437	1.972 4.920 -92.376	auto_ammo 2
ttt_random_weapon	-1433.977783 1234.022949 193.209900	1.764 4.928 -92.852	auto_ammo 2
ttt_random_ammo	-776.782471 1632.663818 0.444439	1.072 -0.028 -1.299
ttt_random_ammo	-819.837524 1630.700195 0.382520	0.213 0.001 0.200
ttt_random_ammo	-852.170349 1628.151611 0.393792	0.805 0.008 0.925
ttt_random_ammo	-889.315369 1626.683350 0.332816	0.046 0.000 -0.028
ttt_random_ammo	-925.369873 1631.467529 0.433086	1.248 0.031 1.502
ttt_random_ammo	-955.967224 1629.079346 0.420277	1.580 0.042 1.912
ttt_random_ammo	-999.846924 1628.700439 0.349029	0.051 0.000 -0.014
ttt_random_ammo	-1044.903809 1634.161255 0.429182	1.402 0.033 1.697
ttt_random_ammo	-1040.029785 1679.937744 0.339984	0.047 0.000 -0.023
ttt_random_ammo	-991.423462 1676.178955 0.426318	1.497 0.034 1.815
ttt_random_ammo	-951.453613 1679.699585 0.423837	1.540 0.037 1.867
ttt_random_ammo	-924.092407 1676.826172 0.342318	0.048 -0.000 0.021
ttt_random_ammo	-892.265564 1679.077515 0.382337	0.215 -0.001 -0.203
ttt_random_ammo	-863.186829 1677.879639 0.377823	0.152 0.001 0.123
ttt_random_ammo	-838.583008 1676.731812 0.459916	0.702 0.022 0.844
ttt_random_ammo	-812.383545 1674.014160 0.317446	0.047 0.000 -0.035
ttt_random_ammo	-783.651062 1678.618896 0.426536	1.470 0.035 1.780
ttt_random_ammo	-785.357727 1712.144653 0.374498	0.119 0.000 0.082
ttt_random_ammo	-824.289185 1705.908325 0.435241	1.212 0.030 1.460
ttt_random_ammo	-849.234253 1700.774292 0.361535	0.067 0.000 0.011
ttt_random_ammo	-879.116333 1706.981689 0.430328	1.382 0.032 1.673
ttt_random_ammo	-904.415894 1704.842773 0.351201	0.053 0.000 -0.011
ttt_random_ammo	-933.056335 1704.375366 0.357507	0.060 -0.000 -0.001
ttt_random_ammo	-967.892517 1705.999878 0.377734	0.150 -0.001 -0.122
ttt_random_ammo	-1012.870422 1700.035034 0.383772	0.243 -0.001 -0.237
ttt_random_ammo	-1048.729614 1704.549438 0.340005	0.047 -0.000 0.023
ttt_playerspawn	547.976379 2404.643311 192.492523	-0.011 -0.000 0.011
ttt_playerspawn	409.577423 2408.178223 192.519302	-0.008 -0.000 0.008
ttt_playerspawn	1173.287109 2974.413574 192.524857	-0.072 -0.000 0.072
ttt_playerspawn	1190.951538 2691.663818 192.585159	-0.014 -0.000 0.014
ttt_playerspawn	771.520752 2868.333008 64.549721	-0.049 -0.000 0.049
ttt_playerspawn	640.239258 2865.285889 64.575081	-0.171 0.001 -0.121
ttt_playerspawn	893.058411 2678.560547 0.528897	-0.069 -0.000 0.069
ttt_playerspawn	888.250671 2508.125732 0.529961	-0.068 -0.000 0.068
ttt_playerspawn	309.717682 2511.654541 0.556087	-0.043 -0.000 0.043
ttt_playerspawn	539.076965 2375.598877 0.533058	-0.065 -0.000 0.065
ttt_playerspawn	406.733246 2371.953369 0.551208	-0.047 -0.000 0.048
ttt_playerspawn	218.576202 -196.875015 0.564423	-0.034 -0.000 0.035
ttt_playerspawn	65.852478 -190.556000 0.551937	-0.047 -0.000 0.047
ttt_playerspawn	-93.534698 -198.057846 0.531009	-0.067 -0.000 0.067
ttt_playerspawn	-476.694519 -66.981789 0.535343	-0.229 0.028 -0.024
ttt_playerspawn	-462.294708 60.854687 0.533622	-0.354 -0.003 -0.205
ttt_playerspawn	-333.951355 -110.647430 0.548179	-0.051 -0.000 0.051
ttt_playerspawn	5.912671 401.823364 0.452453	-0.015 -0.000 0.015
ttt_playerspawn	202.729935 390.043213 0.542938	-0.006 -0.000 0.006
ttt_playerspawn	125.443115 864.152710 0.506168	-0.009 -0.000 0.009
ttt_playerspawn	672.040466 -22.238026 64.537918	-0.061 -0.000 0.061
ttt_playerspawn	328.452301 38.584076 0.560605	-0.000 -4.021 -0.125
ttt_playerspawn	165.785034 587.938232 192.541412	-0.020 0.000 -0.025
ttt_playerspawn	-220.321075 598.045654 192.528183	-0.069 -0.000 0.069
ttt_playerspawn	-461.084656 -50.802460 192.548187	-0.051 -0.000 0.051
ttt_playerspawn	-458.665466 59.422558 192.517334	-0.081 -0.000 0.081
ttt_playerspawn	414.765350 472.561218 192.534058	-0.064 -0.000 0.064
ttt_playerspawn	-425.577606 439.666351 192.548187	-0.051 -0.000 0.051
ttt_playerspawn	828.909729 2488.456299 192.456848	-0.014 -0.000 0.014
ttt_playerspawn	-81.654816 3002.072021 192.555420	-0.043 -0.000 0.043
weapon_zm_molotov	99.489037 528.463867 236.586594	2.698 -0.132 -2.784
weapon_zm_molotov	94.097328 515.692932 236.532822	1.154 0.012 -0.950
weapon_zm_molotov	74.496117 248.938904 46.553722	3.614 -0.107 -3.749
weapon_zm_molotov	-1598.072266 261.171326 196.535431	2.903 -0.019 -2.871
weapon_zm_molotov	-1614.840942 276.818054 196.566330	3.327 -0.129 -3.440
weapon_zm_molotov	-2285.974854 869.794128 240.509521	3.157 -0.132 -3.242
weapon_zm_molotov	-2283.929199 892.705505 240.542572	2.232 -0.122 -2.286
weapon_zm_molotov	-2284.171631 908.818420 240.469589	2.436 -0.005 -2.296
weapon_zm_molotov	-2285.825928 931.710083 240.533920	2.481 -0.122 -2.542
weapon_zm_molotov	1105.192993 2951.362061 236.531052	0.976 0.012 -0.751
weapon_zm_molotov	1096.142090 2952.163818 236.591644	2.592 -0.133 -2.679
weapon_zm_molotov	349.291321 2441.926025 4.664372	0.405 -0.104 -0.403
weapon_zm_molotov	-852.811829 2815.632324 4.506578	0.289 0.003 0.073
weapon_zm_molotov	-815.734436 2813.570313 4.566628	3.334 -0.130 -3.449
weapon_zm_molotov	-776.550842 2811.694580 4.525640	0.632 0.009 -0.344
weapon_zm_molotov	-980.278992 2204.100586 4.597740	2.401 -0.129 -2.465
weapon_ttt_confgrenade	-274.488434 531.102905 235.526184	1.949 0.228 -0.580
weapon_ttt_confgrenade	-278.887268 522.532227 235.601868	0.629 0.219 0.524
weapon_ttt_confgrenade	116.623169 248.950745 45.533436	1.835 0.234 -0.546
weapon_ttt_confgrenade	-1636.088501 315.575531 195.536041	1.500 0.232 1.290
weapon_ttt_confgrenade	-1634.857056 299.799774 195.525452	1.479 0.154 -0.375
weapon_ttt_confgrenade	-748.221375 1802.875244 235.492172	2.483 0.194 -0.738
weapon_ttt_confgrenade	-751.305542 1751.799805 235.549713	1.577 0.226 -0.469
weapon_ttt_confgrenade	1110.305542 2773.430420 235.526169	1.949 0.228 -0.579
weapon_ttt_confgrenade	1096.411133 2776.091309 235.512344	2.167 0.247 -0.644
weapon_ttt_confgrenade	349.467957 2457.448486 3.491522	1.884 0.175 -0.477
weapon_ttt_confgrenade	-1016.633362 2824.482910 3.491534	1.884 0.175 -0.478
weapon_ttt_confgrenade	-1060.767334 2818.485840 3.511631	1.644 0.133 -0.417
weapon_ttt_confgrenade	-1101.738281 2815.353516 3.500812	1.774 0.184 -0.450
weapon_ttt_confgrenade	-961.899048 2203.413086 3.513302	1.797 0.257 1.547
item_ammo_revolver_ttt	495.802643 246.532898 232.314774	0.447 0.073 0.062
item_ammo_revolver_ttt	470.937347 249.795258 232.411163	0.466 0.054 0.024
item_ammo_revolver_ttt	431.235016 148.467453 232.397232	0.463 0.055 0.029
item_ammo_revolver_ttt	401.508850 167.817474 232.374405	0.459 0.057 0.038
item_ammo_revolver_ttt	-199.685867 168.036774 232.323898	0.449 0.068 0.058
item_ammo_revolver_ttt	-217.869980 145.899704 232.351807	0.454 0.060 0.047
item_ammo_revolver_ttt	-284.394623 102.004829 232.355347	0.455 0.060 0.046
item_ammo_revolver_ttt	-296.487823 122.870003 232.414627	0.467 0.054 0.022
item_ammo_revolver_ttt	189.721481 858.627686 38.714268	0.439 0.062 0.048
item_ammo_revolver_ttt	180.311066 865.004761 38.736725	0.446 0.057 0.040
item_ammo_revolver_ttt	-248.696594 3010.732666 192.362091	0.456 0.058 0.043
item_ammo_revolver_ttt	-250.991638 2958.298096 192.387848	0.461 0.056 0.033
item_ammo_revolver_ttt	303.164642 3009.855713 38.192871	0.935 -0.030 -0.212
item_ammo_revolver_ttt	321.994263 2996.781494 38.123192	1.292 0.114 0.042
item_ammo_revolver_ttt	423.251373 2995.627197 39.639194	-3.148 -0.079 0.886
item_ammo_revolver_ttt	403.874512 3000.981689 38.651978	-2.014 0.010 0.999
item_ammo_revolver_ttt	354.590607 3157.809814 37.550049	-3.088 -0.215 -1.316
item_ammo_revolver_ttt	354.832886 3140.191895 38.001549	-2.677 0.359 -1.546
item_ammo_revolver_ttt	415.722839 3145.738037 38.316772	0.385 0.236 1.821
item_ammo_revolver_ttt	393.419220 3144.347412 38.231064	1.349 -0.211 -1.471
weapon_zm_revolver	477.905426 264.581635 233.882797	2.472 -20.315 -83.073
weapon_zm_revolver	425.379913 176.173950 233.900208	2.456 -20.343 -83.463
weapon_zm_revolver	-235.360107 159.214401 233.919388	2.438 -20.376 -83.896
weapon_zm_revolver	-286.218536 125.328377 233.886856	2.468 -20.320 -83.163
weapon_zm_revolver	193.366364 866.886536 40.280918	2.581 -20.506 -83.285
weapon_zm_revolver	-282.809479 2992.079590 193.886856	2.468 -20.320 -83.163
weapon_zm_revolver	313.256836 3017.580566 39.740303	3.064 -19.439 -83.476
weapon_zm_revolver	410.160492 3024.225342 41.132221	2.764 -23.350 -87.057
weapon_zm_revolver	333.013733 3156.850098 38.510239	2.051 -21.166 -83.674
weapon_zm_revolver	412.488617 3166.092529 39.921921	-1.625 -25.803 -86.198
