# Trouble in Terrorist Town weapon/ammo placement overrides
# For map: ttt_whitehouse_b2
# Exported by: niclas
setting:	replacespawns 1
weapon_ttt_smokegrenade	-12.004679 -100.210762 68.536125	2.816 -0.016 -2.785
weapon_ttt_smokegrenade	1.570221 -97.727074 68.640480	-4.278 6.595 3.635
weapon_ttt_smokegrenade	-3.739040 -117.402260 65.847031	-58.545 -132.372 -89.105
weapon_ttt_smokegrenade	95.679237 -4.139121 65.599144	48.936 47.911 90.182
weapon_ttt_smokegrenade	818.228943 -25.410879 68.493477	0.235 0.001 0.147
weapon_ttt_smokegrenade	824.552002 -34.848156 68.493477	0.235 0.001 0.147
weapon_ttt_smokegrenade	1653.206543 -504.999329 68.553322	0.218 -0.204 -0.041
weapon_ttt_smokegrenade	2048.689209 -400.036469 99.084846	0.203 -0.210 -0.038
weapon_ttt_smokegrenade	2088.595947 -740.719177 108.524933	0.621 0.008 -0.350
weapon_ttt_smokegrenade	3024.807861 -827.397278 90.592712	0.618 0.009 -0.340
ttt_random_weapon	923.998291 -2253.422852 -446.865692	1.928 4.718 -92.476	auto_ammo 2
ttt_random_weapon	881.291504 -1674.427124 -446.785400	1.711 4.703 -92.974	auto_ammo 2
ttt_random_weapon	738.815430 -1735.387695 -446.792694	1.793 4.710 -92.786	auto_ammo 2
ttt_random_weapon	-247.310349 -1992.008545 -446.791992	1.785 4.619 -92.803	auto_ammo 2
ttt_random_weapon	-258.327972 -1725.270264 -446.784729	1.703 4.926 -92.991	auto_ammo 2
ttt_random_weapon	-18.128525 -1747.128418 -446.783752	1.692 4.925 -93.016	auto_ammo 2
ttt_random_weapon	307.859619 -1506.451416 -446.783295	1.687 4.255 -93.029	auto_ammo 2
ttt_random_weapon	457.318268 -1609.049194 -446.786194	1.720 4.626 -92.954	auto_ammo 2
ttt_random_weapon	594.154907 -551.995361 -446.790680	1.770 4.927 -92.837	auto_ammo 2
ttt_random_weapon	628.884460 -863.463440 -446.778473	1.632 4.921 -93.153	auto_ammo 2
ttt_random_weapon	284.214325 -36.667706 -522.779724	1.860 4.715 -92.632	auto_ammo 2
ttt_random_weapon	486.702515 -39.928867 -522.773743	1.793 4.710 -92.786	auto_ammo 2
ttt_random_weapon	37.861679 -22.093925 65.227081	1.569 4.984 -93.297	auto_ammo 2
ttt_random_weapon	-338.306915 -757.648621 65.189842	1.953 5.706 -92.566	auto_ammo 2
ttt_random_weapon	-445.847626 -390.003143 65.165520	2.211 5.690 -92.035	auto_ammo 2
ttt_random_weapon	-194.288956 -150.319138 65.220757	1.624 5.719 -93.242	auto_ammo 2
ttt_random_weapon	-1.719205 -812.084412 65.147598	2.335 -171.159 -92.053	auto_ammo 2
ttt_random_weapon	531.309998 -563.985168 65.236595	1.462 4.970 -93.544	auto_ammo 2
ttt_random_weapon	681.125427 -512.871826 197.233017	1.502 4.977 -93.451	auto_ammo 2
ttt_random_weapon	-28.604897 -518.304504 197.237091	1.456 4.970 -93.557	auto_ammo 2
ttt_random_weapon	47.077587 -24.606575 197.219238	1.658 4.987 -93.094	auto_ammo 2
ttt_random_weapon	699.373901 -109.028297 197.222900	1.617 4.988 -93.189	auto_ammo 2
ttt_random_weapon	1345.070679 -810.593811 65.217903	1.673 4.988 -93.059	auto_ammo 2
ttt_random_weapon	1175.959839 -816.820679 65.224022	1.604 4.987 -93.218	auto_ammo 2
ttt_random_weapon	1247.950195 -785.898682 65.216499	1.689 4.985 -93.023	auto_ammo 2
ttt_random_weapon	1298.201050 -74.108444 65.211105	1.726 5.716 -93.031	auto_ammo 2
ttt_random_weapon	1015.001404 -201.757980 65.217705	1.656 5.719 -93.175	auto_ammo 2
ttt_random_weapon	378.030853 88.605385 105.327156	1.616 4.762 -93.190	auto_ammo 2
ttt_random_weapon	718.119629 -849.422546 65.220520	1.644 4.988 -93.127	auto_ammo 2
ttt_random_weapon	734.157471 -815.689331 65.227081	1.569 4.985 -93.297	auto_ammo 2
ttt_random_weapon	1694.853271 -677.142273 65.211662	1.721 5.718 -93.043	auto_ammo 2
ttt_random_weapon	2047.148682 -380.953064 95.747192	1.583 5.721 -93.326	auto_ammo 2
ttt_random_weapon	2043.463867 -444.722351 95.738419	1.676 5.718 -93.134	auto_ammo 2
ttt_random_weapon	2002.107910 -753.792419 105.222946	1.616 4.762 -93.190	auto_ammo 2
ttt_random_weapon	2305.405273 -894.560547 65.172707	2.134 5.695 -92.192	auto_ammo 2
ttt_random_weapon	2416.496094 -225.437714 65.229752	1.539 4.982 -93.366	auto_ammo 2
ttt_random_weapon	2688.524170 -291.774750 65.226440	1.577 4.985 -93.280	auto_ammo 2
ttt_random_weapon	2679.750977 -478.683899 65.189697	1.991 4.921 -92.331	auto_ammo 2
ttt_random_weapon	2799.169922 -440.569305 65.220009	1.560 4.599 -93.216	auto_ammo 2
ttt_random_weapon	3057.211426 -724.286865 65.215034	1.706 4.987 -92.985	auto_ammo 2
ttt_random_weapon	2972.017822 -724.231506 65.239830	1.425 4.964 -93.628	auto_ammo 2
ttt_random_weapon	2714.225830 -984.779175 65.197266	1.874 5.711 -92.728	auto_ammo 2
ttt_random_weapon	2537.139160 -990.182068 65.174957	2.111 5.694 -92.241	auto_ammo 2
ttt_random_weapon	2353.147217 -657.184265 89.724548	1.999 5.560 -92.283	auto_ammo 2
ttt_random_weapon	817.294739 -301.194336 65.223656	1.608 4.988 -93.208	auto_ammo 2
ttt_random_weapon	726.576843 -296.559967 65.216499	1.689 4.985 -93.023	auto_ammo 2
ttt_random_weapon	573.073730 -328.499878 65.177147	2.087 5.701 -92.289	auto_ammo 2
ttt_random_weapon	205.117264 -335.940247 65.209389	1.745 5.717 -92.993	auto_ammo 2
ttt_random_weapon	398.758148 -1338.050537 -451.142059	-19.347 -1.657 74.290	auto_ammo 2
ttt_random_weapon	337.876617 -1280.503662 -450.603027	12.148 -8.934 101.979	auto_ammo 2
ttt_random_weapon	389.895020 -631.737854 -445.806274	1.946 4.720 -92.435	auto_ammo 2
ttt_random_weapon	534.506409 -632.104248 -411.940247	1.779 4.709 -92.817	auto_ammo 2
ttt_random_weapon	7.322985 -182.642349 65.224022	1.604 4.987 -93.218	auto_ammo 2
ttt_random_weapon	566.174500 -799.040466 65.225090	1.592 4.986 -93.245	auto_ammo 2
ttt_random_weapon	191.560532 -830.922668 65.222527	1.621 4.988 -93.179	auto_ammo 2
ttt_random_weapon	175.506714 -795.690552 65.234528	1.485 4.975 -93.490	auto_ammo 2
ttt_random_weapon	580.742310 -833.934570 65.239456	1.429 4.965 -93.618	auto_ammo 2
ttt_random_weapon	1571.931763 -654.683044 65.171555	2.147 5.696 -92.167	auto_ammo 2
ttt_playerspawn	2818.827148 -257.348053 64.579048	0.066 -171.327 0.000
ttt_playerspawn	2643.889648 -1062.812866 64.467255	-0.013 -0.000 0.013
ttt_playerspawn	2586.527588 -1052.576782 64.557770	-0.004 -0.000 0.004
ttt_playerspawn	3137.531250 -421.871674 64.548424	-0.049 -0.000 0.049
ttt_playerspawn	3052.502441 -823.250854 256.535126	0.089 0.075 0.298
ttt_playerspawn	3028.163330 -859.708374 86.606926	0.057 0.000 0.057
ttt_playerspawn	2051.595703 -280.891693 64.908936	-0.042 -0.000 0.042
ttt_playerspawn	2174.995850 -837.710510 64.549950	-0.048 -0.000 0.048
ttt_playerspawn	1575.569214 -776.806030 64.473129	-0.013 -0.000 0.013
ttt_playerspawn	1283.671509 -773.610046 64.562279	-0.051 -0.000 0.069
ttt_playerspawn	1227.704834 -853.816467 64.567146	-0.031 -0.000 0.031
ttt_playerspawn	735.368408 -39.509125 64.560646	0.038 0.000 0.038
ttt_playerspawn	345.589172 54.292244 64.495720	-0.010 -0.000 0.010
ttt_playerspawn	530.969849 -658.206787 64.572151	-0.027 -0.000 0.027
ttt_playerspawn	194.778458 -686.458130 64.554276	-0.044 -0.000 0.044
ttt_playerspawn	381.066071 -578.601257 196.546036	-0.052 -0.000 0.052
ttt_playerspawn	67.771187 -288.055328 196.535339	-0.062 -0.000 0.062
ttt_playerspawn	682.240295 -320.298492 196.542679	-0.055 -0.000 0.055
ttt_playerspawn	-450.972504 -615.562744 64.507576	-0.009 -0.000 0.009
ttt_playerspawn	444.322723 -2013.161133 -447.450531	-0.061 -0.000 0.061
ttt_playerspawn	232.919052 -2096.191406 -447.472076	0.075 0.077 0.246
ttt_playerspawn	1038.265381 -1951.407715 -447.459625	-0.072 -0.000 0.072
ttt_playerspawn	540.739197 -740.772034 -447.445282	-0.044 -0.000 0.044
weapon_zm_molotov	965.069519 -1684.600830 -443.412506	2.717 -0.133 -2.816
weapon_zm_molotov	961.900696 -1688.344849 -443.392120	2.184 -0.124 -2.268
weapon_zm_molotov	960.475037 -1692.614990 -443.346832	0.321 -0.862 -0.536
weapon_zm_molotov	961.908264 -1697.820557 -446.270599	38.677 -129.093 -90.025
weapon_zm_molotov	961.191956 -1702.554565 -443.412720	2.713 -0.133 -2.810
weapon_zm_molotov	959.573608 -1709.526245 -443.335266	0.005 0.798 0.039
weapon_zm_molotov	960.647827 -1714.432495 -446.257721	40.998 -128.574 -89.998
weapon_zm_molotov	61.164082 -877.349182 68.581680	2.827 -0.128 -2.909
weapon_zm_molotov	54.595001 -877.249634 68.527939	0.712 0.010 -0.447
weapon_zm_molotov	48.689232 -875.366699 68.550293	3.561 -0.107 -3.653
weapon_zm_molotov	42.068569 -874.968384 68.578941	2.849 -0.129 -2.922
weapon_zm_molotov	30.840237 -874.057495 68.537086	1.947 0.004 -1.824
weapon_zm_molotov	21.469381 -872.153320 68.531898	0.973 0.012 -0.742
weapon_zm_molotov	14.247755 -873.894958 68.594780	2.407 -0.125 -2.462
weapon_zm_molotov	5.320199 -874.059631 68.599930	2.323 -0.127 -2.386
weapon_zm_molotov	3034.623535 -830.549377 90.643753	2.959 -0.134 -3.046
weapon_ttt_confgrenade	655.800171 -463.927551 109.531662	1.863 0.233 -0.554
weapon_ttt_confgrenade	951.304382 -471.066101 67.523140	1.656 0.230 1.458
weapon_ttt_confgrenade	957.046143 -475.809296 67.566795	1.086 0.203 0.955
weapon_ttt_confgrenade	1581.553223 -817.422363 67.532784	1.569 0.273 1.248
weapon_ttt_confgrenade	1927.747437 -757.191650 107.547325	0.161 -0.711 -1.409
weapon_ttt_confgrenade	2841.753418 -350.824646 67.507881	2.084 0.299 -0.863
weapon_ttt_confgrenade	2659.502197 -431.045746 101.148407	1.366 0.219 1.188
weapon_ttt_confgrenade	2441.333496 -314.038177 66.151093	37.816 39.580 88.181
weapon_ttt_confgrenade	2435.273438 -210.164642 67.522163	1.874 0.254 -0.777
weapon_ttt_confgrenade	2083.218506 -218.897552 98.694672	1.089 0.208 0.947
weapon_ttt_confgrenade	129.469025 -355.513000 233.260147	0.291 -0.002 0.865
weapon_ttt_confgrenade	737.218445 -372.561035 233.236145	0.261 -0.003 0.808
weapon_ttt_confgrenade	557.323975 -832.989624 -444.439667	1.061 0.136 -0.269
weapon_ttt_confgrenade	498.441010 -1843.480591 -444.492615	0.422 -0.820 -1.409
weapon_ttt_confgrenade	496.816895 -1854.492554 -444.479462	1.878 0.217 -0.783
weapon_ttt_confgrenade	280.392181 -1852.243774 -444.413239	0.909 0.222 -0.379
weapon_ttt_confgrenade	282.112671 -1844.858032 -444.462250	0.332 -0.891 -1.106
weapon_ttt_confgrenade	3030.039063 -824.651855 89.592880	1.819 0.264 -0.753
item_ammo_revolver_ttt	3194.183594 -667.144104 106.368477	0.458 0.059 0.040
item_ammo_revolver_ttt	3186.306152 -666.514221 106.385361	0.461 0.057 0.033
item_ammo_revolver_ttt	2547.114258 -1099.426392 96.948624	0.437 0.054 0.035
item_ammo_revolver_ttt	2555.761230 -1104.378906 96.916061	0.425 0.063 0.046
item_ammo_revolver_ttt	1764.307007 -794.944458 101.353783	0.487 0.062 0.010
item_ammo_revolver_ttt	1753.520508 -784.923523 101.326584	0.471 0.058 0.014
item_ammo_revolver_ttt	-548.466431 -383.719513 101.356911	0.491 0.043 0.011
item_ammo_revolver_ttt	-535.771729 -377.272369 101.290977	0.657 0.578 -0.047
item_ammo_revolver_ttt	592.789185 -227.689316 230.066818	0.575 -0.097 0.287
item_ammo_revolver_ttt	596.144409 -216.243317 230.073486	0.847 0.030 0.114
item_ammo_revolver_ttt	497.550262 -412.860840 -445.945099	0.835 -0.441 10.381
item_ammo_revolver_ttt	488.792999 -410.962280 -446.612152	0.461 0.055 0.033
item_ammo_revolver_ttt	425.064423 -2092.096924 -413.621063	0.622 -0.006 -0.229
item_ammo_revolver_ttt	434.922546 -2090.135742 -413.678101	0.702 -0.013 -0.186
item_ammo_revolver_ttt	1128.711548 -2190.565674 -447.711029	0.454 0.061 0.048
item_ammo_revolver_ttt	1111.227661 -2184.074463 -447.722443	0.451 0.064 0.053
item_ammo_revolver_ttt	-29.401054 -1680.716309 -413.964661	0.715 0.145 -0.291
item_ammo_revolver_ttt	-44.766785 -1692.353760 -413.958313	0.739 0.149 -0.245
weapon_zm_revolver	3184.184326 -657.355957 107.906807	2.567 -20.517 -83.419
weapon_zm_revolver	2540.188232 -1111.663086 98.500237	2.556 -20.521 -83.519
weapon_zm_revolver	1770.617554 -786.019836 102.910927	2.294 -10.440 -85.326
weapon_zm_revolver	-538.015137 -386.366608 102.914284	2.379 -19.898 -85.211
weapon_zm_revolver	605.623230 -217.827698 231.687256	2.322 -19.947 -85.184
weapon_zm_revolver	495.115356 -405.378967 -445.077454	2.794 -19.892 -83.457
weapon_zm_revolver	423.126648 -2080.636475 -412.141174	2.331 -18.452 -85.024
weapon_zm_revolver	1120.587036 -2173.401367 -446.117615	2.694 -20.128 -83.933
weapon_zm_revolver	-52.508373 -1677.275879 -412.435913	2.320 -17.958 -84.391
