# Trouble in Terrorist Town weapon/ammo placement overrides
# For map: ttt_scarisland_b1
# Exported by: Blockmaster2706
setting:	replacespawns 0
weapon_ttt_smokegrenade	3301.389893 -849.138000 -653.265015	0.000 270.000 0.000
weapon_ttt_smokegrenade	2760.199951 1890.900024 -929.265015	0.000 270.000 0.000
weapon_ttt_smokegrenade	990.434021 1610.750000 -375.265015	0.000 270.000 0.000
weapon_ttt_smokegrenade	372.002991 2310.659912 -885.994019	0.000 270.000 0.000
weapon_ttt_smokegrenade	633.182983 1395.020020 -1083.260010	0.000 270.000 0.000
weapon_ttt_smokegrenade	-241.518005 277.860992 -659.265015	0.000 270.000 0.000
weapon_ttt_smokegrenade	133.009003 -95.028297 1000.739990	0.000 270.000 0.000
weapon_ttt_smokegrenade	1181.589966 161.076004 -842.963013	0.000 270.000 0.000
ttt_random_weapon	-350.443573 -283.989014 -434.790680	1.770 4.927 -92.837	auto_ammo 2
ttt_random_weapon	-209.593857 -308.078217 -434.767578	1.509 4.912 -93.436	auto_ammo 2
ttt_random_weapon	1320.751343 319.545929 -851.651794	14.753 4.134 -96.385	auto_ammo 2
ttt_random_weapon	2807.481689 -983.766479 -371.758301	-7.210 4.030 -99.106	auto_ammo 2
ttt_random_weapon	3277.612061 -724.850769 -820.804688	1.928 4.784 -92.476	auto_ammo 2
ttt_random_weapon	3219.461426 1883.345459 -932.798706	1.860 4.779 -92.631	auto_ammo 2
ttt_random_weapon	3070.055420 1824.704224 -932.792114	1.786 4.774 -92.801	auto_ammo 2
ttt_random_weapon	3033.114014 1899.482788 -804.772278	1.562 4.758 -93.314	auto_ammo 2
ttt_random_weapon	1083.261353 2877.227295 -941.271118	1.434 18.110 73.003	auto_ammo 2
ttt_random_weapon	1218.532227 2926.647461 -951.093689	1.491 9.406 -103.150	auto_ammo 2
ttt_random_weapon	889.776550 2745.721436 -936.148804	-3.921 6.460 -99.576	auto_ammo 2
ttt_random_weapon	2062.229004 1755.423706 -1082.106812	-0.358 3.614 -94.715	auto_ammo 2
ttt_random_weapon	2412.764648 1302.704712 -1085.264282	-3.196 -10.603 90.730	auto_ammo 2
ttt_random_weapon	-148.941132 80.404221 -662.792725	1.793 4.710 -92.786	auto_ammo 2
ttt_random_weapon	-598.030579 245.596436 -734.779236	1.642 4.922 -93.132	auto_ammo 2
ttt_random_weapon	2181.165527 711.932617 -1024.219116	12.389 5.359 -90.029	auto_ammo 2
ttt_random_weapon	-1564.924438 -2006.458008 -408.796570	1.837 4.777 -92.685	auto_ammo 2
ttt_random_weapon	-1865.359009 -1465.473755 -408.758484	1.406 4.745 -93.671	auto_ammo 2
ttt_random_weapon	2139.596680 1381.337158 -337.548798	6.438 -5.274 104.635	auto_ammo 2
ttt_random_weapon	2003.761230 1596.680054 -330.583893	-4.315 -2.245 96.263	auto_ammo 2
ttt_random_weapon	1998.470947 -1703.935791 -1076.755249	-1.004 147.990 86.803	auto_ammo 2
ttt_random_weapon	-1323.199585 -567.115356 -442.728973	-7.144 -7.548 91.327	auto_ammo 2
ttt_random_weapon	-2112.418213 -1561.539795 -1038.790161	1.764 4.929 -92.853	auto_ammo 2
item_ammo_smg1_ttt	-243.770996 -157.167999 -301.369995	0.000 270.000 0.000
item_ammo_smg1_ttt	-267.770996 -157.167999 -301.369995	0.000 270.000 0.000
item_ammo_smg1_ttt	-92.510696 -1794.579956 -1073.369995	0.000 270.000 0.000
item_ammo_smg1_ttt	-116.511002 -1794.579956 -1073.369995	0.000 270.000 0.000
item_ammo_smg1_ttt	-1179.900024 -1555.719971 -1033.369995	0.000 270.000 0.000
item_ammo_smg1_ttt	-1203.900024 -1555.719971 -1033.369995	0.000 270.000 0.000
item_ammo_smg1_ttt	-1729.170044 -2156.449951 -403.369995	0.000 270.000 0.000
item_ammo_smg1_ttt	-1753.170044 -2156.449951 -403.369995	0.000 270.000 0.000
item_ammo_smg1_ttt	1023.219971 3089.300049 -987.953979	0.000 270.000 0.000
item_ammo_smg1_ttt	999.223022 3089.300049 -987.953979	0.000 270.000 0.000
item_ammo_smg1_ttt	-1031.800049 -1211.000000 -187.311005	0.000 270.000 0.000
item_ammo_smg1_ttt	-1007.799988 -1211.000000 -187.311005	0.000 270.000 0.000
weapon_ttt_m16	1226.349976 1001.500000 -448.061005	0.000 270.000 0.000
weapon_ttt_m16	2560.719971 1900.280029 -929.267029	0.000 270.000 0.000
weapon_ttt_m16	3090.340088 -617.210999 -809.267029	0.000 270.000 0.000
weapon_ttt_m16	896.057007 -1723.339966 -861.994995	0.000 270.000 0.000
weapon_ttt_m16	-2121.879883 -637.752991 -1035.270020	0.000 270.000 0.000
weapon_ttt_m16	-322.621002 458.175995 -731.267029	0.000 270.000 0.000
item_box_buckshot_ttt	3376.000000 1747.760010 -930.979980	0.000 270.000 0.000
item_box_buckshot_ttt	3376.000000 1763.760010 -930.979980	0.000 270.000 0.000
item_box_buckshot_ttt	2729.469971 -1050.010010 -381.170013	0.000 270.000 0.000
item_box_buckshot_ttt	2729.469971 -1034.010010 -381.170013	0.000 270.000 0.000
item_box_buckshot_ttt	-173.731995 237.975998 -432.980011	0.000 270.000 0.000
item_box_buckshot_ttt	-173.731995 253.975998 -432.980011	0.000 270.000 0.000
item_box_buckshot_ttt	-1641.109985 -2175.639893 -406.980011	0.000 270.000 0.000
item_box_buckshot_ttt	-1641.109985 -2159.639893 -406.980011	0.000 270.000 0.000
item_box_buckshot_ttt	10.500700 153.085999 999.020020	0.000 270.000 0.000
item_box_buckshot_ttt	10.500700 169.085999 999.020020	0.000 270.000 0.000
weapon_zm_rifle	3297.020020 -943.302979 -654.073975	0.000 270.000 0.000
weapon_zm_rifle	7.044920 171.785004 1167.930054	0.000 270.000 0.000
weapon_zm_rifle	157.992004 -21.990499 999.926025	0.000 270.000 0.000
weapon_zm_rifle	1055.170044 1965.189941 -212.074005	0.000 270.000 0.000
weapon_zm_rifle	2737.702148 1690.289795 -932.743042	0.419 -5.483 -88.362
weapon_zm_mac10	-283.770996 -149.167999 -301.369995	0.000 270.000 0.000
weapon_zm_mac10	-132.511002 -1786.579956 -1073.369995	0.000 270.000 0.000
weapon_zm_mac10	-1219.900024 -1547.719971 -1033.369995	0.000 270.000 0.000
weapon_zm_mac10	-1769.170044 -2148.449951 -403.369995	0.000 270.000 0.000
weapon_zm_mac10	983.223022 3097.300049 -987.953979	0.000 270.000 0.000
weapon_zm_mac10	-1047.800049 -1203.000000 -187.311005	0.000 270.000 0.000
item_ammo_357_ttt	3313.020020 -943.302979 -654.073975	0.000 270.000 0.000
item_ammo_357_ttt	3313.020020 -951.302979 -654.073975	0.000 270.000 0.000
item_ammo_357_ttt	23.044901 171.785004 1167.930054	0.000 270.000 0.000
item_ammo_357_ttt	23.044901 163.785004 1167.930054	0.000 270.000 0.000
item_ammo_357_ttt	173.992004 -21.990499 999.926025	0.000 270.000 0.000
item_ammo_357_ttt	173.992004 -29.990499 999.926025	0.000 270.000 0.000
item_ammo_357_ttt	1071.170044 1965.189941 -212.074005	0.000 270.000 0.000
item_ammo_357_ttt	1071.170044 1957.189941 -212.074005	0.000 270.000 0.000
item_ammo_357_ttt	2728.176270 1701.221436 -933.609680	0.462 0.057 0.031
item_ammo_357_ttt	2752.496338 1701.939575 -933.648132	0.455 0.062 0.047
item_ammo_pistol_ttt	1234.349976 1017.500000 -448.061005	0.000 270.000 0.000
item_ammo_pistol_ttt	1234.349976 1025.500000 -448.061005	0.000 270.000 0.000
item_ammo_pistol_ttt	2568.719971 1916.280029 -929.267029	0.000 270.000 0.000
item_ammo_pistol_ttt	2568.719971 1924.280029 -929.267029	0.000 270.000 0.000
item_ammo_pistol_ttt	3098.340088 -601.210999 -809.267029	0.000 270.000 0.000
item_ammo_pistol_ttt	3098.340088 -593.210999 -809.267029	0.000 270.000 0.000
item_ammo_pistol_ttt	904.057007 -1707.339966 -861.994995	0.000 270.000 0.000
item_ammo_pistol_ttt	904.057007 -1699.339966 -861.994995	0.000 270.000 0.000
item_ammo_pistol_ttt	-2113.879883 -621.752991 -1035.270020	0.000 270.000 0.000
item_ammo_pistol_ttt	-2113.879883 -613.752991 -1035.270020	0.000 270.000 0.000
item_ammo_pistol_ttt	-314.621002 474.175995 -731.267029	0.000 270.000 0.000
item_ammo_pistol_ttt	-314.621002 482.175995 -731.267029	0.000 270.000 0.000
item_ammo_pistol_ttt	233.264008 -334.122986 -434.277008	0.000 270.000 0.000
item_ammo_pistol_ttt	233.264008 -318.122986 -434.277008	0.000 270.000 0.000
item_ammo_pistol_ttt	233.264008 -302.122986 -434.277008	0.000 270.000 0.000
item_ammo_pistol_ttt	233.264008 -286.122986 -434.277008	0.000 270.000 0.000
item_ammo_pistol_ttt	1249.060059 229.656006 -848.533997	0.000 270.000 0.000
item_ammo_pistol_ttt	1249.060059 245.656006 -848.533997	0.000 270.000 0.000
item_ammo_pistol_ttt	1249.060059 261.656006 -848.533997	0.000 270.000 0.000
item_ammo_pistol_ttt	-429.252014 -1649.670044 -444.912994	0.000 270.000 0.000
item_ammo_pistol_ttt	-429.252014 -1665.670044 -444.912994	0.000 270.000 0.000
item_ammo_pistol_ttt	-429.252014 -1681.670044 -444.912994	0.000 270.000 0.000
item_ammo_pistol_ttt	-382.744720 207.736298 -735.583801	-0.072 -0.020 -0.022
item_ammo_pistol_ttt	-353.080872 213.183304 -735.635132	-0.117 -0.019 -0.035
weapon_zm_molotov	3309.389893 -849.138000 -653.265015	0.000 270.000 0.000
weapon_zm_molotov	2768.199951 1890.900024 -929.265015	0.000 270.000 0.000
weapon_zm_molotov	998.434021 1610.750000 -375.265015	0.000 270.000 0.000
weapon_zm_molotov	380.002991 2310.659912 -885.994019	0.000 270.000 0.000
weapon_zm_molotov	641.182983 1395.020020 -1083.260010	0.000 270.000 0.000
weapon_zm_molotov	-233.518005 277.860992 -659.265015	0.000 270.000 0.000
weapon_zm_molotov	141.009003 -95.028297 1000.739990	0.000 270.000 0.000
weapon_zm_molotov	1189.589966 161.076004 -842.963013	0.000 270.000 0.000
weapon_ttt_confgrenade	3317.389893 -849.138000 -653.265015	0.000 270.000 0.000
weapon_ttt_confgrenade	2776.199951 1890.900024 -929.265015	0.000 270.000 0.000
weapon_ttt_confgrenade	1006.429993 1610.750000 -375.265015	0.000 270.000 0.000
weapon_ttt_confgrenade	388.002991 2310.659912 -885.994019	0.000 270.000 0.000
weapon_ttt_confgrenade	649.182983 1395.020020 -1083.260010	0.000 270.000 0.000
weapon_ttt_confgrenade	-225.518005 277.860992 -659.265015	0.000 270.000 0.000
weapon_ttt_confgrenade	149.009003 -95.028297 1000.739990	0.000 270.000 0.000
weapon_ttt_confgrenade	1197.589966 161.076004 -842.963013	0.000 270.000 0.000
item_ammo_revolver_ttt	-11.049800 348.632996 -434.002014	0.000 270.000 0.000
item_ammo_revolver_ttt	-11.049800 356.632996 -434.002014	0.000 270.000 0.000
item_ammo_revolver_ttt	-394.382996 -109.091003 -306.002014	0.000 270.000 0.000
item_ammo_revolver_ttt	-394.382996 -101.091003 -306.002014	0.000 270.000 0.000
item_ammo_revolver_ttt	83.246101 -894.948975 -791.687012	0.000 270.000 0.000
item_ammo_revolver_ttt	83.246101 -886.948975 -791.687012	0.000 270.000 0.000
item_ammo_revolver_ttt	1605.750000 -1314.569946 -1046.150024	0.000 270.000 0.000
item_ammo_revolver_ttt	1605.750000 -1306.569946 -1046.150024	0.000 270.000 0.000
item_ammo_revolver_ttt	-244.250000 -4.177670 -150.929993	0.000 270.000 0.000
item_ammo_revolver_ttt	-244.250000 3.822330 -150.929993	0.000 270.000 0.000
item_ammo_revolver_ttt	1.138180 -222.520004 -104.001999	0.000 270.000 0.000
item_ammo_revolver_ttt	1.138180 -214.520004 -104.001999	0.000 270.000 0.000
item_ammo_revolver_ttt	3077.000000 -1103.000000 -263.259003	0.000 270.000 0.000
item_ammo_revolver_ttt	3077.000000 -1095.000000 -263.259003	0.000 270.000 0.000
item_ammo_revolver_ttt	-1158.420044 -1154.930054 -191.942993	0.000 270.000 0.000
item_ammo_revolver_ttt	-1158.420044 -1162.930054 -191.942993	0.000 270.000 0.000
item_ammo_revolver_ttt	156.172440 -12.368108 1164.330322	0.450 0.068 0.056
item_ammo_revolver_ttt	53.391949 -158.313828 1165.135376	3.570 -0.026 8.487
item_ammo_revolver_ttt	125.714500 -88.153915 1164.328247	0.450 0.068 0.057
item_ammo_revolver_ttt	111.562645 -101.333763 1164.374390	0.459 0.057 0.039
weapon_zm_shotgun	3360.000000 1763.760010 -930.979980	0.000 270.000 0.000
weapon_zm_shotgun	2713.469971 -1034.010010 -381.170013	0.000 270.000 0.000
weapon_zm_shotgun	-189.731995 253.975998 -432.980011	0.000 270.000 0.000
weapon_zm_shotgun	-1657.109985 -2159.639893 -406.980011	0.000 270.000 0.000
weapon_zm_shotgun	-5.499270 169.085999 999.020020	0.000 270.000 0.000
weapon_zm_revolver	-27.049801 356.632996 -434.002014	0.000 270.000 0.000
weapon_zm_revolver	-410.382996 -101.091003 -306.002014	0.000 270.000 0.000
weapon_zm_revolver	67.246101 -886.948975 -791.687012	0.000 270.000 0.000
weapon_zm_revolver	1589.750000 -1306.569946 -1046.150024	0.000 270.000 0.000
weapon_zm_revolver	-260.250000 3.822330 -150.929993	0.000 270.000 0.000
weapon_zm_revolver	-14.861800 -214.520004 -104.001999	0.000 270.000 0.000
weapon_zm_revolver	3061.000000 -1095.000000 -263.259003	0.000 270.000 0.000
weapon_zm_revolver	-1174.420044 -1154.930054 -191.942993	0.000 270.000 0.000
weapon_zm_revolver	163.993454 -17.459997 1165.952393	2.594 -20.164 -84.301
weapon_zm_revolver	43.102703 -151.296219 1165.941528	2.605 -20.099 -84.179
weapon_ttt_glock	-373.181000 218.567993 -734.067993	0.000 270.000 0.000
weapon_ttt_glock	-365.181000 218.567993 -734.067993	0.000 270.000 0.000
weapon_ttt_glock	214.100998 314.562012 -678.067993	0.000 270.000 0.000
weapon_ttt_glock	222.100998 314.562012 -678.067993	0.000 270.000 0.000
weapon_ttt_glock	2163.729980 2144.379883 -813.161987	0.000 270.000 0.000
weapon_ttt_glock	2171.729980 2144.379883 -813.161987	0.000 270.000 0.000
weapon_zm_pistol	249.264008 -278.122986 -434.277008	0.000 270.000 0.000
weapon_zm_pistol	249.264008 -294.122986 -434.277008	0.000 270.000 0.000
weapon_zm_pistol	249.264008 -326.122986 -434.277008	0.000 270.000 0.000
weapon_zm_pistol	249.264008 -310.122986 -434.277008	0.000 270.000 0.000
weapon_zm_pistol	1265.060059 221.656006 -848.533997	0.000 270.000 0.000
weapon_zm_pistol	1265.060059 253.656006 -848.533997	0.000 270.000 0.000
weapon_zm_pistol	1265.060059 237.656006 -848.533997	0.000 270.000 0.000
weapon_zm_pistol	-413.252014 -1657.670044 -444.912994	0.000 270.000 0.000
weapon_zm_pistol	-413.252014 -1673.670044 -444.912994	0.000 270.000 0.000
weapon_zm_pistol	-413.252014 -1689.670044 -444.912994	0.000 270.000 0.000
