# Trouble in Terrorist Town weapon/ammo placement overrides
# For map: ttt_lego_treasureisland
# Exported by: niclas
setting:	replacespawns 1
ttt_random_weapon	1201.249878 -1226.875122 -242.799026	1.834 5.712 -92.809	auto_ammo 2
ttt_random_weapon	1188.690674 -1278.325439 -242.818680	2.043 5.706 -92.380	auto_ammo 2
ttt_random_weapon	742.190125 -1225.166016 -250.293884	-2.256 -6.186 85.083	auto_ammo 2
ttt_random_weapon	876.678711 -1193.945068 -250.786728	1.703 5.717 -93.078	auto_ammo 2
ttt_random_weapon	990.792847 -831.135376 -295.291046	1.774 3.817 -92.828	auto_ammo 2
ttt_random_weapon	1047.913940 -861.910645 -295.283081	1.685 3.806 -93.034	auto_ammo 2
ttt_random_weapon	1388.535767 -345.388855 -322.823944	2.099 5.703 -92.265	auto_ammo 2
ttt_random_weapon	1653.338379 -21.635960 -322.756775	1.173 4.745 -95.022	auto_ammo 2
ttt_random_weapon	1477.415894 -35.954887 -322.784180	1.676 5.718 -93.134	auto_ammo 2
ttt_random_weapon	1064.870117 39.431149 -758.792480	1.791 4.928 -92.790	auto_ammo 2
ttt_random_weapon	988.492920 23.567406 -758.798401	1.858 4.928 -92.637	auto_ammo 2
ttt_random_weapon	1030.710693 29.030678 -758.795654	1.827 4.929 -92.708	auto_ammo 2
ttt_random_weapon	414.376312 1085.503540 -322.806854	1.952 4.926 -92.420	auto_ammo 2
ttt_random_weapon	766.928162 1104.936035 -322.799133	1.865 4.929 -92.619	auto_ammo 2
ttt_random_weapon	-696.611084 -443.424744 -302.542725	13.905 22.595 87.155	auto_ammo 2
ttt_random_weapon	-834.540588 -825.106628 -306.725311	0.938 2.989 -95.083	auto_ammo 2
ttt_random_weapon	-746.142334 -942.828247 -318.797241	1.844 4.714 -92.668	auto_ammo 2
ttt_random_weapon	-375.264557 -878.294800 -474.144836	0.710 -0.088 118.351	auto_ammo 2
ttt_random_weapon	-611.998169 -272.045929 -490.902832	2.269 3.049 -92.806	auto_ammo 2
ttt_random_weapon	-99.731552 -223.720581 -483.193176	-2.715 -5.055 62.918	auto_ammo 2
ttt_random_weapon	-162.240906 -159.766754 -485.257874	-3.560 3.638 -26.826	auto_ammo 2
ttt_random_weapon	-211.248123 263.765381 -490.829193	2.203 4.660 -91.845	auto_ammo 2
ttt_random_weapon	-124.330627 128.810837 -474.271149	-2.684 -6.314 86.381	auto_ammo 2
ttt_random_weapon	359.038239 -228.113663 -490.780548	1.656 4.923 -93.099	auto_ammo 2
ttt_random_weapon	765.151001 -265.053345 -490.760651	1.050 -5.261 -95.928	auto_ammo 2
ttt_random_weapon	834.776489 -820.969910 -490.845337	-0.038 -12.848 88.870	auto_ammo 2
ttt_random_weapon	1383.509766 -1018.168701 -510.785919	1.717 4.769 -92.960	auto_ammo 2
ttt_random_weapon	1323.492554 -1070.885620 -510.796570	1.837 4.777 -92.685	auto_ammo 2
ttt_random_weapon	1391.935791 -1561.393555 -510.800110	1.876 4.780 -92.594	auto_ammo 2
ttt_random_weapon	378.086273 -1615.703003 -510.777435	1.621 4.762 -93.180	auto_ammo 2
ttt_random_weapon	436.580780 -1593.089233 -510.792694	1.793 4.774 -92.785	auto_ammo 2
ttt_random_weapon	-645.041077 -694.794739 -490.781158	1.663 5.289 -93.084	auto_ammo 2
ttt_random_weapon	-48.316479 229.761795 -322.843750	2.308 5.660 -91.833	auto_ammo 2
ttt_random_weapon	-281.674835 31.106161 -318.789154	1.753 4.707 -92.877	auto_ammo 2
ttt_random_weapon	285.616119 -49.275043 -318.810577	1.994 4.721 -92.324	auto_ammo 2
ttt_random_weapon	68.165970 595.882568 -258.806030	1.943 4.925 -92.441	auto_ammo 2
ttt_random_weapon	-93.342590 612.557800 -258.798431	1.857 4.928 -92.638	auto_ammo 2
ttt_random_weapon	-448.191864 673.233093 -322.797607	1.819 5.715 -92.840	auto_ammo 2
ttt_random_weapon	-477.128387 323.826294 -318.805237	1.934 4.925 -92.462	auto_ammo 2
ttt_random_weapon	-498.310516 370.750458 -318.801575	1.893 4.726 -92.556	auto_ammo 2
ttt_random_weapon	-549.959778 375.929657 -318.802856	1.907 4.928 -92.524	auto_ammo 2
ttt_random_weapon	1005.702271 301.700592 -322.843750	2.308 5.660 -91.833	auto_ammo 2
ttt_random_weapon	1106.220947 517.561523 -322.890411	6.200 -1.015 -22.185	auto_ammo 2
ttt_random_weapon	798.844543 920.699219 -318.804413	1.925 4.282 -92.483	auto_ammo 2
ttt_random_weapon	606.476135 659.912476 -290.841003	2.279 5.682 -91.893	auto_ammo 2
ttt_random_weapon	532.302551 579.830566 -290.833221	2.197 5.689 -92.062	auto_ammo 2
ttt_random_weapon	-411.236511 1571.749023 -510.790894	1.773 4.773 -92.832	auto_ammo 2
ttt_random_weapon	-361.208160 1655.675415 -510.782501	1.678 4.767 -93.049	auto_ammo 2
ttt_random_weapon	-1399.564331 1565.739990 -510.786438	1.722 4.770 -92.947	auto_ammo 2
ttt_random_weapon	-372.701813 1051.535889 -510.784912	1.705 4.768 -92.987	auto_ammo 2
ttt_random_weapon	280.227173 893.163025 -489.555695	-2.293 4.020 -45.486	auto_ammo 2
ttt_random_weapon	636.623718 517.472839 -490.889526	2.365 24.629 -91.632	auto_ammo 2
ttt_random_weapon	-644.698975 1192.355713 -251.363480	-3.297 -6.398 62.246	auto_ammo 2
ttt_random_weapon	-711.768921 1211.216797 -250.907822	1.313 5.798 -93.177	auto_ammo 2
ttt_random_weapon	-898.229675 1204.081665 -250.792404	1.764 5.715 -92.954	auto_ammo 2
ttt_random_weapon	-1168.005249 1237.985352 -242.833237	2.197 5.689 -92.062	auto_ammo 2
ttt_random_weapon	-226.524750 1225.085571 -318.071655	6.240 5.404 -92.579	auto_ammo 2
ttt_random_weapon	-594.502625 110.265648 -306.842590	2.212 3.278 -92.389	auto_ammo 2
ttt_random_weapon	-887.383728 -14.332366 -322.906403	2.004 3.635 -92.631	auto_ammo 2
ttt_random_weapon	-943.555115 -256.479889 -324.501160	2.784 -2.739 -49.242	auto_ammo 2
ttt_random_weapon	-1653.689331 33.858646 -322.826019	2.168 3.641 -91.926	auto_ammo 2
ttt_random_weapon	-1480.031372 40.490448 -322.782745	1.661 5.719 -93.165	auto_ammo 2
weapon_zm_rifle	-284.462769 -877.284363 57.247696	0.239 -4.050 -88.952
weapon_zm_rifle	284.552338 888.122314 57.273605	0.184 -4.058 -89.222
weapon_zm_rifle	-1283.520508 1330.860840 201.276901	0.403 -4.338 -89.095
weapon_zm_rifle	1259.113647 -1338.413940 201.288818	0.267 -4.429 -89.298
ttt_playerspawn	878.940552 -1415.493286 -235.502060	0.005 0.000 0.005
ttt_playerspawn	761.882202 -1429.415649 -235.504837	-0.047 0.051 0.099
ttt_playerspawn	719.498108 -1355.986938 -235.513428	0.006 0.000 0.006
ttt_playerspawn	489.113708 -298.501923 -319.474396	-0.073 -0.000 0.073
ttt_playerspawn	803.099609 768.388977 -307.498199	0.032 0.024 0.234
ttt_playerspawn	498.073212 759.252380 -307.454376	-0.062 0.219 -0.224
ttt_playerspawn	-862.346375 1403.474243 -235.503616	-0.005 0.000 -0.005
ttt_playerspawn	-721.869019 1352.513062 -235.494659	-0.005 0.000 -0.005
ttt_playerspawn	-259.646057 -809.511230 56.537704	-0.025 -0.000 0.025
ttt_playerspawn	-149.628128 -895.986694 -491.497131	-0.016 0.000 -0.016
ttt_playerspawn	388.619690 -1572.395508 -511.500519	-0.041 -0.000 0.041
ttt_playerspawn	1388.133179 -1055.505615 -511.495087	-0.040 0.000 -0.040
ttt_playerspawn	839.189026 -333.923767 -491.518890	0.006 0.016 0.108
ttt_playerspawn	81.069252 -226.246506 -490.420410	3.244 -0.033 -0.123
ttt_playerspawn	151.124069 177.315582 -483.500946	-0.092 0.029 0.146
ttt_playerspawn	-338.855316 236.979523 -491.517853	0.050 -0.023 -0.013
ttt_playerspawn	-406.675934 1064.469116 -511.496521	0.040 0.000 0.040
ttt_playerspawn	-1404.984619 1598.042358 -511.479340	0.033 0.000 0.033
ttt_playerspawn	-1302.441406 12.257272 -323.485443	0.006 0.001 0.117
ttt_playerspawn	-739.762024 503.189087 -319.467957	0.066 0.000 0.066
ttt_playerspawn	104.293579 303.401978 -259.485199	0.083 0.000 0.083
ttt_playerspawn	-270.714508 -150.053131 -319.465851	-0.235 -0.095 0.047
ttt_playerspawn	-442.147888 -1067.392700 -323.461823	0.061 0.000 0.061
ttt_playerspawn	724.819336 -517.604614 -319.483917	0.082 0.000 0.082
ttt_playerspawn	1185.666382 9.292386 -323.485504	-0.115 0.001 0.027
ttt_playerspawn	-741.324219 -616.871765 -299.471375	-0.016 0.096 -0.074
ttt_playerspawn	-431.967468 -457.757111 -243.472168	-0.070 0.000 -0.070
ttt_playerspawn	295.753632 128.235565 -319.468262	-0.082 -0.000 0.082
item_ammo_357_ttt	-314.822174 -884.821472 56.319473	0.449 0.075 0.059
item_ammo_357_ttt	-312.004791 -871.240479 56.340626	0.453 0.066 0.051
item_ammo_357_ttt	-300.364166 -886.039185 56.321735	0.449 0.070 0.058
item_ammo_357_ttt	250.183762 882.691833 56.348228	0.454 0.064 0.048
item_ammo_357_ttt	253.095230 868.398621 56.405579	0.465 0.056 0.025
item_ammo_357_ttt	265.607025 871.879089 56.312477	0.447 0.075 0.062
item_ammo_357_ttt	-1233.578735 1331.182373 200.317108	0.447 0.073 0.061
item_ammo_357_ttt	-1207.640747 1329.664917 200.346313	0.453 0.062 0.049
item_ammo_357_ttt	-1181.290527 1330.135132 200.398331	0.463 0.055 0.029
item_ammo_357_ttt	1220.328613 -1339.630615 200.346313	0.453 0.062 0.049
item_ammo_357_ttt	1198.985596 -1337.780762 200.385315	0.461 0.056 0.034
item_ammo_357_ttt	1180.578979 -1337.297485 200.391495	0.462 0.055 0.031
item_ammo_revolver_ttt	1004.838501 -1498.530029 -443.516235	63.742 -25.094 -44.677
item_ammo_revolver_ttt	1022.678589 -1494.710693 -445.347473	25.948 5.978 16.594
item_ammo_revolver_ttt	1038.274658 -1494.518066 -445.085632	34.273 7.899 15.653
item_ammo_revolver_ttt	436.021179 -1005.349548 -511.632996	0.455 0.059 0.039
item_ammo_revolver_ttt	443.235687 -1023.385864 -511.644531	0.452 0.060 0.044
item_ammo_revolver_ttt	446.623993 -1047.132568 -511.589661	0.464 0.054 0.023
item_ammo_revolver_ttt	370.434662 -1116.695313 -511.667358	0.447 0.065 0.052
item_ammo_revolver_ttt	352.682098 -1114.964478 -511.653534	0.450 0.062 0.047
item_ammo_revolver_ttt	345.337555 -1093.658936 -511.667358	0.447 0.065 0.052
item_ammo_revolver_ttt	-1349.375732 994.513123 -511.601166	-0.682 -1.122 0.021
item_ammo_revolver_ttt	-1335.110474 982.662170 -511.653534	0.450 0.062 0.047
item_ammo_revolver_ttt	-1359.932007 980.816284 -510.879730	0.799 0.662 10.608
item_ammo_revolver_ttt	-1443.588379 1056.944214 -511.594360	0.463 0.054 0.025
item_ammo_revolver_ttt	-1443.845093 1091.770386 -511.671570	0.446 0.069 0.054
item_ammo_revolver_ttt	-1391.471191 1097.670044 -511.675934	0.445 0.069 0.056
item_ammo_revolver_ttt	-937.180481 1518.220093 -515.651733	0.453 0.063 0.047
item_ammo_revolver_ttt	-936.092468 1531.049316 -515.627014	0.458 0.058 0.038
item_ammo_revolver_ttt	-966.180542 1521.327759 -515.646301	0.454 0.061 0.045
item_ammo_revolver_ttt	235.115967 67.104012 -486.285645	-43.279 -118.482 179.710
item_ammo_revolver_ttt	241.539734 49.818550 -491.641083	0.449 0.057 0.042
item_ammo_revolver_ttt	228.910767 54.624008 -491.626923	0.453 0.054 0.036
item_ammo_revolver_ttt	-273.768127 -601.794556 32.357063	0.455 0.060 0.045
item_ammo_revolver_ttt	-287.815857 -586.229614 32.330391	0.450 0.068 0.056
item_ammo_revolver_ttt	-74.751503 49.322628 -187.636292	0.457 0.058 0.043
item_ammo_revolver_ttt	-69.422371 63.614067 -187.661407	0.452 0.065 0.053
item_ammo_revolver_ttt	68.595352 -54.313583 -187.689987	0.446 0.073 0.064
item_ammo_revolver_ttt	59.777802 -72.676384 -187.613403	0.461 0.056 0.033
item_ammo_revolver_ttt	-183.708542 -870.534607 -319.644684	0.455 0.060 0.046
item_ammo_revolver_ttt	-193.774963 -876.700562 -319.599548	0.464 0.055 0.028
item_ammo_revolver_ttt	-227.865082 562.277893 -319.657501	0.452 0.062 0.051
item_ammo_revolver_ttt	-220.516708 550.718140 -319.661407	0.452 0.065 0.052
item_ammo_revolver_ttt	917.661499 381.938873 -243.653656	0.627 0.107 -0.004
item_ammo_revolver_ttt	893.763550 365.881409 -243.585190	61.303 -11.522 -44.121
item_ammo_revolver_ttt	290.417053 -167.928848 -319.639587	0.456 0.058 0.044
item_ammo_revolver_ttt	271.330017 -175.781860 -319.650024	0.454 0.061 0.048
item_ammo_revolver_ttt	284.775513 577.496704 32.353592	0.455 0.060 0.047
item_ammo_revolver_ttt	285.717651 588.168579 32.439072	0.920 -0.300 -0.753
item_ammo_revolver_ttt	287.529022 597.941711 32.402088	0.999 -0.077 -0.072
weapon_zm_revolver	977.452698 -1493.999390 -442.420288	1.486 -20.130 -162.420
weapon_zm_revolver	367.933960 -1045.695313 -510.073547	2.514 -20.553 -83.919
weapon_zm_revolver	360.966248 -1093.128296 -510.074982	2.518 -20.551 -83.882
weapon_zm_revolver	-1425.630493 1077.750122 -510.089264	2.556 -20.521 -83.519
weapon_zm_revolver	-1361.703125 988.324890 -510.035828	2.419 -20.914 -85.559
weapon_zm_revolver	-953.468018 1526.587036 -514.084961	2.545 -91.113 -83.732
weapon_zm_revolver	-976.781921 1495.646973 -443.846649	24.605 -11.262 -34.468
weapon_zm_revolver	238.589325 81.134773 -489.654510	2.144 -133.847 -94.059
weapon_zm_revolver	-274.054260 -584.211243 33.901314	2.455 -20.348 -83.488
weapon_zm_revolver	-74.662689 75.565353 -186.109268	2.465 -20.329 -83.250
weapon_zm_revolver	72.099976 -65.417236 -186.295807	0.525 -35.302 -86.484
weapon_zm_revolver	-181.468475 -880.555481 -318.114502	2.469 -20.319 -83.134
weapon_zm_revolver	-220.568481 576.653076 -318.060883	2.420 -20.407 -84.342
weapon_zm_revolver	909.258301 367.680298 -247.135651	-7.721 16.536 62.516
weapon_zm_revolver	275.863586 -153.357285 -318.062073	2.749 -20.105 -83.718
weapon_zm_revolver	290.075195 597.561768 33.904533	2.452 -20.352 -83.561
