# Trouble in Terrorist Town weapon/ammo placement overrides
# For map: ttt_freddy_the_ship_v3
# Exported by: Blockmaster2706
setting:	replacespawns 0
weapon_ttt_smokegrenade	-2473.300049 1037.290039 229.735001	0.000 90.000 0.000
weapon_ttt_smokegrenade	-2473.300049 1043.290039 229.735001	0.000 90.000 0.000
weapon_ttt_smokegrenade	-2357.250000 2150.409912 563.734985	0.000 0.000 0.000
ttt_random_weapon	-2296.000000 -112.000000 230.373001	0.000 0.000 0.000	auto_ammo 2
ttt_random_weapon	-2549.360107 398.441010 535.372986	0.000 0.000 0.000	auto_ammo 2
ttt_random_weapon	-2313.770020 2193.060059 834.372986	0.000 0.000 0.000	auto_ammo 2
ttt_random_weapon	-2244.060059 2182.409912 358.372986	0.000 0.000 0.000	auto_ammo 2
ttt_random_weapon	-2681.090088 2186.330078 230.373001	0.000 0.000 0.000	auto_ammo 2
ttt_random_weapon	-2269.000000 284.196014 230.373001	0.000 0.000 0.000	auto_ammo 2
ttt_random_weapon	-2523.989990 1341.270020 230.373001	0.000 0.000 0.000	auto_ammo 2
ttt_random_weapon	-2565.469971 1541.349976 230.373001	0.000 0.000 0.000	auto_ammo 2
ttt_random_weapon	-2673.149902 561.000000 279.000000	0.000 0.000 0.000	auto_ammo 2
ttt_random_weapon	-2317.610107 2170.290039 834.372986	0.000 0.000 0.000	auto_ammo 2
ttt_random_weapon	-2316.610107 2144.149902 834.372986	0.000 0.000 0.000	auto_ammo 2
ttt_random_weapon	-2316.610107 2120.149902 834.372986	0.000 0.000 0.000	auto_ammo 2
ttt_random_weapon	-2314.409912 1348.810059 230.373001	0.000 0.000 0.000	auto_ammo 2
ttt_random_weapon	-2314.540039 2186.939941 963.372986	0.000 0.000 0.000	auto_ammo 2
ttt_random_weapon	-2389.040039 2173.879883 963.372986	0.000 0.000 0.000	auto_ammo 2
ttt_random_weapon	-2385.360107 2140.739990 963.372986	0.000 0.000 0.000	auto_ammo 2
ttt_random_weapon	-2387.850098 2208.540039 963.372986	0.000 0.000 0.000	auto_ammo 2
ttt_random_weapon	-2382.839355 1354.739868 221.227219	1.568 4.917 -93.301	auto_ammo 2
ttt_random_weapon	-2330.487305 2128.771484 955.207336	1.793 4.710 -92.786	auto_ammo 2
item_ammo_smg1_ttt	-2740.510010 1437.599976 401.001007	0.000 0.000 0.000
item_ammo_smg1_ttt	-2691.100098 1916.000000 270.000000	0.000 0.000 0.000
item_ammo_smg1_ttt	-2710.100098 1921.000000 270.000000	0.000 0.000 0.000
item_ammo_smg1_ttt	-2473.000000 1040.000000 240.345001	0.000 0.000 0.000
item_ammo_smg1_ttt	-2473.000000 1019.000000 240.345001	0.000 0.000 0.000
item_ammo_smg1_ttt	-2726.340088 441.743011 221.345001	0.000 0.000 0.000
item_ammo_smg1_ttt	-2727.000000 1437.000000 401.001007	0.000 0.000 0.000
item_ammo_smg1_ttt	-2567.330078 2179.000000 604.625977	0.000 0.000 0.000
item_ammo_smg1_ttt	-2584.770020 2165.120117 639.356018	0.000 0.000 0.000
item_ammo_smg1_ttt	-2468.290039 -1199.500000 605.344971	0.000 0.000 0.000
item_ammo_smg1_ttt	-2530.520020 -1191.800049 605.344971	0.000 0.000 0.000
item_ammo_smg1_ttt	-2497.000000 -1202.000000 605.344971	0.000 87.000 0.000
item_ammo_smg1_ttt	-2735.000000 1436.000000 414.917999	0.000 0.000 0.000
item_ammo_smg1_ttt	-2436.520020 2456.739990 348.345001	0.000 0.000 0.000
item_ammo_smg1_ttt	-2423.010010 2456.139893 348.345001	0.000 0.000 0.000
item_ammo_smg1_ttt	-2465.080078 460.612000 292.345001	0.000 241.500 0.000
item_ammo_smg1_ttt	-2458.110107 472.199005 292.345001	0.000 241.500 0.000
weapon_ttt_m16	-2342.000000 -775.000000 235.000000	-81.260 329.207 31.088
weapon_ttt_m16	-2473.000000 959.000000 279.000000	0.000 90.000 0.000
weapon_ttt_m16	-2661.379883 2101.139893 563.682983	0.000 0.000 0.000
weapon_ttt_m16	-2584.270020 1438.640015 238.373001	0.000 0.000 0.000
weapon_ttt_m16	-2644.050049 -52.851299 425.683014	0.000 0.000 0.000
weapon_ttt_m16	-2439.768555 2733.303467 224.182999	0.000 180.585 0.000
weapon_ttt_m16	-2219.030029 2214.659912 965.682983	0.000 0.000 0.000
item_box_buckshot_ttt	-2473.000000 1022.000000 257.294006	0.000 90.000 0.000
item_box_buckshot_ttt	-2474.000000 1013.000000 257.294006	0.000 90.000 0.000
item_box_buckshot_ttt	-2611.510010 -11.323200 421.294006	0.000 0.000 0.000
item_box_buckshot_ttt	-2594.300049 13.938800 421.294006	0.000 0.000 0.000
item_box_buckshot_ttt	-2610.120117 8.135660 421.294006	0.000 0.000 0.000
item_box_buckshot_ttt	-2594.719971 -15.004000 421.294006	0.000 0.000 0.000
item_box_buckshot_ttt	-2334.000000 2237.000000 634.000000	0.000 0.000 0.000
item_box_buckshot_ttt	-2334.000000 2221.000000 634.000000	0.000 0.000 0.000
item_box_buckshot_ttt	-2332.000000 2152.000000 634.000000	0.000 0.000 0.000
item_box_buckshot_ttt	-2332.000000 2136.000000 634.000000	0.000 0.000 0.000
item_box_buckshot_ttt	-2311.060059 -183.850998 657.294006	0.000 0.000 0.000
item_box_buckshot_ttt	-2322.510010 -183.145004 657.294006	0.000 0.000 0.000
item_box_buckshot_ttt	-2335.560059 -183.095001 657.294006	0.000 0.000 0.000
item_box_buckshot_ttt	-2750.719971 -259.898987 460.428009	0.000 0.000 0.000
item_box_buckshot_ttt	-2748.050049 -247.735001 460.428009	0.000 0.000 0.000
item_box_buckshot_ttt	-2749.689941 -231.149994 460.428009	0.000 0.000 0.000
ttt_random_ammo	-2295.000000 -105.000000 230.373001	0.000 0.000 0.000
ttt_random_ammo	-2269.600098 271.000000 221.001007	0.000 0.000 0.000
ttt_random_ammo	-2660.449951 2411.250000 349.001007	0.000 0.000 0.000
ttt_random_ammo	-2286.060059 1248.060059 556.802979	0.000 0.000 0.000
ttt_random_ammo	-2286.060059 1259.530029 562.421997	0.000 0.000 0.000
ttt_random_ammo	-2286.060059 1269.839966 564.992981	0.000 0.000 0.000
ttt_random_ammo	-2289.250000 2122.229980 220.001007	0.000 0.000 0.000
weapon_zm_rifle	-2504.000000 -1156.000000 393.502991	0.000 0.000 0.000
weapon_zm_rifle	-2788.000000 2464.020020 964.000000	0.000 0.000 0.000
weapon_zm_rifle	-2482.679932 -935.478027 850.958008	0.000 0.000 0.000
weapon_zm_rifle	-2316.290039 -1.515210 422.958008	0.000 0.000 0.000
weapon_zm_rifle	-2472.000000 957.000000 227.000000	-12.000 90.000 0.000
weapon_zm_rifle	-2517.280029 2107.429932 1044.000000	0.000 0.000 0.000
weapon_zm_mac10	-2451.159912 356.277008 425.471008	0.000 0.000 0.000
weapon_zm_mac10	-2736.000000 421.000000 225.470993	0.000 0.000 0.000
weapon_zm_mac10	-2740.000000 1888.000000 225.470993	0.000 0.000 0.000
weapon_zm_mac10	-2472.000000 972.000000 263.000000	0.000 90.000 0.000
weapon_zm_mac10	-2349.879883 846.481018 530.471008	0.000 0.000 0.000
weapon_zm_mac10	-2744.969971 1460.660034 410.372986	0.000 0.000 0.000
weapon_zm_mac10	-2667.169922 1909.790039 272.364990	0.000 0.000 0.000
weapon_zm_mac10	-2560.729980 2103.500000 602.481995	0.000 0.000 0.000
weapon_zm_mac10	-2508.639893 -1181.079956 661.466980	0.000 0.000 0.000
weapon_zm_mac10	-2440.979980 2479.800049 357.717010	0.000 0.000 0.000
weapon_zm_mac10	-2435.719971 465.114990 301.717010	0.000 241.500 0.000
item_ammo_357_ttt	-2517.030029 -953.815979 849.276001	0.000 0.000 0.000
item_ammo_357_ttt	-2473.790039 1044.829956 257.276001	0.000 0.000 0.000
item_ammo_357_ttt	-2473.790039 1031.829956 257.276001	0.000 0.000 0.000
item_ammo_357_ttt	-2491.000000 -1139.170044 385.276001	0.000 0.000 0.000
item_ammo_357_ttt	-2507.189941 -1139.329956 386.786987	0.000 0.000 0.000
item_ammo_357_ttt	-2345.899902 -5.909350 421.276001	0.000 0.000 0.000
item_ammo_357_ttt	-2486.820068 -954.187988 848.276001	0.000 0.000 0.000
item_ammo_357_ttt	-2765.060059 2452.169922 960.276001	0.000 0.000 0.000
item_ammo_357_ttt	-2778.189941 2450.530029 960.276001	0.000 0.000 0.000
item_ammo_357_ttt	-2507.469971 2093.949951 1040.280029	0.000 0.000 0.000
item_ammo_pistol_ttt	-2644.080078 2085.000000 559.280029	0.000 0.000 0.000
item_ammo_pistol_ttt	-2655.290039 2085.080078 559.280029	0.000 0.000 0.000
item_ammo_pistol_ttt	-2330.000000 2142.000000 570.000000	0.000 0.000 0.000
item_ammo_pistol_ttt	-2559.469971 2430.639893 825.280029	0.000 0.000 0.000
item_ammo_pistol_ttt	-2474.129883 1040.520020 276.279999	0.000 0.000 0.000
item_ammo_pistol_ttt	-2474.370117 1019.729980 276.279999	0.000 0.000 0.000
item_ammo_pistol_ttt	-2465.100098 -773.585022 221.279999	0.000 0.000 0.000
item_ammo_pistol_ttt	-2476.760010 -773.919983 221.279999	0.000 0.000 0.000
item_ammo_pistol_ttt	-2251.010010 285.257996 421.279999	0.000 0.000 0.000
item_ammo_pistol_ttt	-2250.750000 262.593994 421.279999	0.000 0.000 0.000
item_ammo_pistol_ttt	-2260.830078 286.373993 421.279999	0.000 0.000 0.000
item_ammo_pistol_ttt	-2263.610107 260.028015 421.279999	0.000 0.000 0.000
item_ammo_pistol_ttt	-2446.199951 2730.620117 218.279999	0.000 0.000 0.000
item_ammo_pistol_ttt	-2429.590088 2734.080078 218.279999	0.000 0.000 0.000
item_ammo_pistol_ttt	-2415.419922 2734.919922 218.279999	0.000 0.000 0.000
item_ammo_pistol_ttt	-2453.360107 2220.340088 1025.280029	0.000 0.000 0.000
item_ammo_pistol_ttt	-2461.629883 2220.290039 1025.280029	0.000 0.000 0.000
item_ammo_pistol_ttt	-2445.090088 2220.379883 1025.280029	0.000 0.000 0.000
item_ammo_pistol_ttt	-2544.449951 2435.040039 824.280029	0.000 0.000 0.000
item_ammo_pistol_ttt	-2569.639893 2430.239990 824.280029	0.000 0.000 0.000
item_ammo_pistol_ttt	-2595.439941 1417.400024 228.001007	0.000 0.000 0.000
item_ammo_pistol_ttt	-2584.629883 1418.949951 228.279999	0.000 0.000 0.000
item_ammo_pistol_ttt	-2575.020020 1422.930054 228.279999	0.000 0.000 0.000
item_ammo_pistol_ttt	-2708.570068 1823.209961 220.279999	0.000 0.000 0.000
item_ammo_pistol_ttt	-2701.110107 1823.780029 220.279999	0.000 0.000 0.000
item_ammo_pistol_ttt	-2694.179932 1824.310059 220.279999	0.000 0.000 0.000
item_ammo_pistol_ttt	-2624.780029 -81.973396 420.279999	0.000 0.000 0.000
item_ammo_pistol_ttt	-2635.500000 -80.936996 420.279999	0.000 0.000 0.000
item_ammo_pistol_ttt	-2614.100098 -78.626099 420.279999	0.000 0.000 0.000
weapon_zm_molotov	-2393.889893 -375.335999 537.734985	0.000 0.000 0.000
weapon_zm_molotov	-2473.489990 1021.780029 229.735001	0.000 90.000 0.000
weapon_zm_molotov	-2473.489990 1016.780029 229.735001	0.000 90.000 0.000
weapon_zm_molotov	-2510.100098 -356.278015 530.734985	0.000 0.000 0.000
weapon_zm_molotov	-2228.120117 -244.421005 425.734985	0.000 0.000 0.000
weapon_zm_molotov	-2235.949951 -249.130997 425.734985	0.000 0.000 0.000
weapon_ttt_confgrenade	-2473.489990 1030.780029 228.487000	0.000 90.000 0.000
weapon_ttt_confgrenade	-2473.489990 1025.780029 228.487000	0.000 90.000 0.000
weapon_ttt_confgrenade	-2356.989990 2125.570068 562.487000	0.000 0.000 0.000
weapon_ttt_confgrenade	-2581.669922 2360.989990 964.487000	0.000 0.000 0.000
weapon_ttt_confgrenade	-2669.209961 2358.350098 964.487000	0.000 0.000 0.000
item_ammo_revolver_ttt	-2355.129883 2254.189941 559.276001	0.000 0.000 0.000
item_ammo_revolver_ttt	-2473.520020 1037.829956 291.591003	0.000 0.000 0.000
item_ammo_revolver_ttt	-2473.189941 1023.659973 291.591003	0.000 0.000 0.000
item_ammo_revolver_ttt	-2666.590088 -663.807983 350.276001	0.000 0.000 0.000
item_ammo_revolver_ttt	-2231.590088 284.714996 421.276001	0.000 0.000 0.000
item_ammo_revolver_ttt	-2231.389893 267.373993 421.276001	0.000 0.000 0.000
item_ammo_revolver_ttt	-2629.399902 1099.540039 563.593018	0.000 0.000 0.000
item_ammo_revolver_ttt	-2621.699951 1116.310059 563.593018	0.000 0.000 0.000
item_ammo_revolver_ttt	-2628.800049 1120.609985 563.593018	0.000 0.000 0.000
item_ammo_revolver_ttt	-2670.439941 -643.935974 349.276001	0.000 0.000 0.000
item_ammo_revolver_ttt	-2287.169922 472.174011 220.276001	0.000 90.000 0.000
item_ammo_revolver_ttt	-2284.330078 457.057007 220.276001	0.000 90.000 0.000
item_ammo_revolver_ttt	-2269.649902 459.815002 220.276001	0.000 90.000 0.000
item_ammo_revolver_ttt	-2267.429932 447.355988 220.276001	0.000 90.000 0.000
item_ammo_revolver_ttt	-2254.919922 457.933990 220.276001	0.000 90.000 0.000
item_ammo_revolver_ttt	-2252.129883 445.514008 220.276001	0.000 90.000 0.000
item_ammo_revolver_ttt	-2505.731445 2707.446289 218.405090	0.490 -0.507 0.004
item_ammo_revolver_ttt	-2499.743408 2736.057129 218.371140	0.699 0.185 -0.015
weapon_zm_shotgun	-2474.000000 961.000000 245.000000	0.000 90.000 15.000
weapon_zm_shotgun	-2330.830078 -173.636993 667.372986	0.000 0.000 0.000
weapon_zm_shotgun	-2331.000000 2132.000000 596.221008	0.000 90.000 0.000
weapon_zm_shotgun	-2324.370117 2219.909912 596.221008	0.000 90.000 0.000
weapon_zm_shotgun	-2636.169922 -32.043598 423.489014	0.000 0.000 0.000
weapon_zm_shotgun	-2734.030029 -172.457001 459.415009	0.000 0.000 0.000
weapon_zm_sledge	-2320.000000 -777.000000 237.000000	-66.000 0.000 0.000
weapon_zm_sledge	-2474.000000 959.000000 295.000000	0.000 90.000 0.000
weapon_zm_sledge	-2660.820068 2130.530029 562.857971	0.000 0.000 0.000
weapon_zm_sledge	-2251.419922 -226.098007 424.858002	0.000 0.000 0.000
weapon_zm_revolver	-2763.000000 -76.000000 448.000000	0.000 0.000 0.000
weapon_zm_revolver	-2249.000000 319.000000 455.000000	0.000 0.000 0.000
weapon_zm_revolver	-2472.000000 960.226990 263.778992	0.000 90.000 0.000
weapon_zm_revolver	-2335.000000 2243.000000 574.997986	0.000 0.000 0.000
weapon_zm_revolver	-2485.570068 -362.389008 527.997986	0.000 0.000 0.000
weapon_zm_revolver	-2664.439941 -641.656982 351.997986	0.000 0.000 0.000
weapon_zm_revolver	-2634.379883 1123.000000 574.000000	0.000 0.000 0.000
weapon_zm_revolver	-2278.449951 480.660004 221.998001	0.000 90.000 0.000
weapon_zm_revolver	-2261.590088 468.553009 221.998001	0.000 90.000 0.000
weapon_zm_revolver	-2488.979004 2727.321777 219.942123	2.335 -21.736 -84.754
weapon_ttt_glock	-2663.000000 1790.479980 252.373001	0.000 0.000 0.000
weapon_zm_pistol	-2373.669922 -360.286011 534.723022	0.000 0.000 0.000
weapon_zm_pistol	-2249.000000 328.000000 455.000000	0.000 0.000 0.000
weapon_zm_pistol	-2472.000000 948.226990 263.503998	0.000 90.000 0.000
weapon_zm_pistol	-2335.000000 2215.000000 574.000000	0.000 0.000 0.000
weapon_zm_pistol	-2561.530029 2454.780029 826.723022	0.000 0.000 0.000
weapon_zm_pistol	-2373.469971 846.773987 527.723022	0.000 0.000 0.000
weapon_zm_pistol	-2332.149902 -528.755981 350.722992	0.000 0.000 0.000
weapon_zm_pistol	-2373.080078 2427.429932 818.723022	0.000 0.000 0.000
weapon_zm_pistol	-2481.540039 2209.929932 1026.719971	0.000 0.000 0.000
