# Trouble in Terrorist Town weapon/ammo placement overrides
# For map: ttt_indianisland_a2
# Exported by: Blockmaster2706
setting:	replacespawns 1
weapon_ttt_smokegrenade	-1677.310059 2281.149902 -72.928497	0.000 207.000 0.000
weapon_ttt_smokegrenade	-1020.330017 2711.209961 -73.503799	0.000 88.000 0.000
weapon_ttt_smokegrenade	-189.684998 2672.280029 -72.972504	0.000 4.000 0.000
weapon_ttt_smokegrenade	-306.817993 1380.979980 -74.265404	0.000 12.000 0.000
weapon_ttt_smokegrenade	-341.566010 1374.920044 -74.265404	0.000 127.000 0.000
weapon_ttt_smokegrenade	-836.614014 1651.800049 -46.931702	0.000 118.000 0.000
weapon_ttt_smokegrenade	-1293.910034 252.203995 -144.324997	0.000 181.000 0.000
ttt_random_weapon	783.861023 -401.795990 -162.014999	0.000 78.000 0.000	auto_ammo 2
ttt_random_weapon	-1434.250000 2017.839966 -117.626999	0.000 276.000 0.000	auto_ammo 2
ttt_random_weapon	-1391.699951 1378.229980 -117.626999	0.000 182.000 0.000	auto_ammo 2
ttt_random_weapon	-494.145996 2098.607178 -118.219345	0.000 56.491 0.000	auto_ammo 2
ttt_random_weapon	-1456.000000 -160.589005 -128.000000	0.000 24.000 0.000	auto_ammo 2
ttt_random_weapon	-968.760010 1724.170044 42.372898	0.000 6.000 0.000	auto_ammo 2
ttt_random_weapon	-856.000000 1844.000000 80.000000	0.000 265.000 0.000	auto_ammo 2
ttt_random_weapon	-142.132996 710.033020 42.372898	0.000 155.000 0.000	auto_ammo 2
ttt_random_weapon	1023.799988 2423.969971 -133.626999	0.000 141.000 0.000	auto_ammo 2
ttt_random_weapon	986.343018 770.242981 -123.706001	0.000 302.000 0.000	auto_ammo 2
ttt_random_weapon	-874.632019 1458.160034 -117.626999	0.000 323.000 0.000	auto_ammo 2
ttt_random_weapon	-868.221008 1057.400024 -117.626999	0.000 247.000 0.000	auto_ammo 2
ttt_random_weapon	-194.000000 1541.280029 42.372898	0.000 207.000 0.000	auto_ammo 2
ttt_random_weapon	-64.000000 1120.000000 42.372898	0.000 148.000 0.000	auto_ammo 2
ttt_random_weapon	-2129.250000 2002.969971 -133.626999	0.000 4.000 0.000	auto_ammo 2
ttt_random_weapon	70.956802 1020.260010 -117.626999	0.000 0.000 0.000	auto_ammo 2
ttt_random_weapon	-303.683014 1032.750000 -277.627014	0.000 0.000 0.000	auto_ammo 2
ttt_random_weapon	-641.549988 1195.000000 -277.627014	0.000 0.000 0.000	auto_ammo 2
ttt_random_weapon	-34.272099 1735.709961 -277.627014	0.000 0.000 0.000	auto_ammo 2
ttt_random_weapon	781.994995 2844.229980 -133.626999	0.000 0.000 0.000	auto_ammo 2
ttt_random_weapon	494.319000 2982.149902 -133.626999	0.000 0.000 0.000	auto_ammo 2
ttt_random_weapon	-289.216003 1409.939941 -277.627014	0.000 0.000 0.000	auto_ammo 2
ttt_random_weapon	288.000000 32.000000 -133.626999	0.000 24.500 0.000	auto_ammo 2
ttt_random_weapon	272.000000 96.000000 -133.626999	0.000 339.500 0.000	auto_ammo 2
ttt_random_weapon	328.000000 112.000000 -133.626999	0.000 24.500 0.000	auto_ammo 2
ttt_random_weapon	-1156.000000 1580.000000 90.423103	0.000 300.000 0.000	auto_ammo 2
ttt_random_weapon	-1308.000000 1556.000000 56.000000	0.000 300.000 0.000	auto_ammo 2
item_ammo_smg1_ttt	-155.419998 1805.780029 -96.655296	0.000 270.000 0.000
item_ammo_smg1_ttt	-178.723007 1036.719971 -100.000000	0.000 340.000 0.000
item_ammo_smg1_ttt	-218.716995 1051.280029 -97.348900	0.000 340.000 0.000
item_ammo_smg1_ttt	-1072.000000 798.000000 -88.000000	0.000 353.000 0.000
item_ammo_smg1_ttt	-441.251007 851.848999 -126.654999	0.000 78.000 0.000
item_ammo_smg1_ttt	-700.908020 1759.900024 -286.654999	0.000 73.000 0.000
item_ammo_smg1_ttt	-590.119019 -44.367001 -141.039001	0.000 98.000 0.000
item_ammo_smg1_ttt	-1444.790039 673.677002 -126.654999	0.000 329.000 0.000
weapon_ttt_m16	20.000000 1836.000000 68.000000	0.000 330.000 0.000
weapon_ttt_m16	-372.000000 1264.000000 -74.317200	0.000 75.000 0.000
weapon_ttt_m16	144.000000 116.000000 -139.860992	0.000 159.000 0.000
weapon_ttt_m16	-620.801025 722.080017 -122.317001	0.000 116.000 0.000
weapon_ttt_m16	-945.000000 1626.000000 -103.000000	0.000 113.000 0.000
weapon_ttt_m16	-1272.000000 1216.000000 70.428299	0.000 242.000 0.000
weapon_ttt_m16	-320.000000 1508.000000 -87.792999	0.000 330.000 90.000
item_box_buckshot_ttt	-308.993011 1067.250000 -94.101303	0.000 38.000 0.000
item_box_buckshot_ttt	219.279007 -229.651001 -173.444000	0.000 244.000 0.000
item_box_buckshot_ttt	303.003998 -228.983002 -173.212006	0.000 165.000 0.000
item_box_buckshot_ttt	242.112000 659.554993 -91.000000	0.000 30.000 0.000
item_box_buckshot_ttt	249.080994 649.000000 -91.000000	0.000 330.000 0.000
ttt_random_ammo	-740.000000 1681.329956 -286.998993	0.000 205.000 0.000
ttt_random_ammo	-708.632996 1647.150024 -286.998993	0.000 168.000 0.000
ttt_random_ammo	-633.320007 1761.949951 -286.998993	0.000 118.000 0.000
ttt_random_ammo	-623.635986 1721.270020 -286.998993	0.000 116.000 0.000
ttt_random_ammo	90.797401 1184.260010 33.000599	0.000 113.000 0.000
ttt_random_ammo	-1313.150024 1579.560059 -126.999001	0.000 182.000 0.000
ttt_random_ammo	-1284.280029 1573.000000 -126.999001	0.000 281.000 0.000
ttt_random_ammo	-1426.469971 1992.050049 -126.999001	0.000 24.000 0.000
ttt_random_ammo	-1408.040039 2015.989990 -126.999001	0.000 259.000 0.000
ttt_random_ammo	-746.057983 2101.530029 -126.999001	0.000 218.000 0.000
ttt_random_ammo	-717.765991 2103.169922 -126.999001	0.000 182.000 0.000
weapon_zm_rifle	-736.000000 2094.639893 44.000000	0.000 60.000 0.000
weapon_zm_rifle	204.003006 680.000000 43.000000	0.000 60.000 0.000
weapon_zm_rifle	136.000000 728.000000 -113.275002	0.000 60.000 0.000
weapon_zm_rifle	84.000000 1780.000000 -51.000000	0.000 270.000 -90.000
weapon_zm_rifle	-863.000000 1660.000000 -57.316002	0.000 127.000 0.000
weapon_zm_rifle	-540.000000 836.000000 78.355904	0.000 155.000 0.000
weapon_zm_rifle	100.000000 712.000000 78.671097	0.000 155.000 0.000
weapon_zm_mac10	-126.709999 1801.890015 -92.528801	0.000 210.000 0.000
weapon_zm_mac10	-164.000000 1056.000000 -97.254402	0.000 315.000 0.000
weapon_zm_mac10	-423.470001 813.726013 -122.528999	0.000 329.000 0.000
weapon_zm_mac10	-1118.520020 4712.609863 -596.528992	0.000 0.000 0.000
weapon_zm_mac10	422.679993 2634.189941 -138.529007	0.000 0.000 0.000
weapon_zm_mac10	-625.033997 -34.884998 -136.737000	0.000 0.000 0.000
weapon_zm_mac10	-1438.760010 686.703979 -122.528999	0.000 0.000 0.000
ttt_playerspawn	-884.855591 2660.352295 -143.454300	0.049 -52.180 -0.103
ttt_playerspawn	-616.318542 2700.180908 -143.444916	-0.000 -88.739 0.142
ttt_playerspawn	-1869.328857 1149.285156 -143.441910	-0.133 172.883 -0.000
ttt_playerspawn	637.305054 1225.505737 -143.430313	-0.097 -177.558 -0.001
ttt_playerspawn	524.462952 981.054688 -143.225693	-0.068 -177.784 -0.500
ttt_playerspawn	-950.922302 232.206146 -143.415070	0.000 83.893 0.047
ttt_playerspawn	-817.657959 214.668472 -143.445694	-0.146 87.633 0.001
ttt_playerspawn	-708.649231 200.018768 -138.667587	-0.001 93.602 -0.269
ttt_playerspawn	-228.137878 2539.061035 -143.438736	0.001 -148.174 -0.123
ttt_playerspawn	585.659729 1318.961060 -143.449097	0.156 -150.264 -0.001
item_ammo_357_ttt	-708.002991 2112.300049 33.275799	0.000 98.000 0.000
item_ammo_357_ttt	-721.401001 2090.639893 33.275799	0.000 287.000 0.000
item_ammo_357_ttt	218.602005 676.000000 32.275799	0.000 287.000 0.000
item_ammo_357_ttt	232.000000 697.664001 32.275799	0.000 98.000 0.000
item_ammo_357_ttt	156.000000 724.000000 -124.000000	0.000 287.000 0.000
item_ammo_357_ttt	169.397995 745.664001 -124.000000	0.000 98.000 0.000
item_ammo_357_ttt	84.000000 1744.000000 -52.000000	0.000 174.500 0.000
item_ammo_357_ttt	88.000000 1732.000000 -52.000000	0.000 180.000 0.000
item_ammo_357_ttt	-683.140991 1719.660034 -286.723999	0.000 57.000 0.000
item_ammo_357_ttt	-649.989990 1725.050049 -286.723999	0.000 218.000 0.000
item_ammo_357_ttt	469.022003 2749.030029 -142.723999	0.000 102.000 0.000
item_ammo_357_ttt	510.207001 2738.899902 -142.723999	0.000 12.000 0.000
item_ammo_pistol_ttt	36.620399 1688.000000 33.280102	0.000 275.000 0.000
item_ammo_pistol_ttt	42.147598 1652.920044 33.280102	0.000 228.000 0.000
item_ammo_pistol_ttt	82.917900 1236.550049 33.280102	0.000 181.000 0.000
item_ammo_pistol_ttt	50.567699 1223.569946 33.280102	0.000 176.000 0.000
item_ammo_pistol_ttt	-1183.089966 1214.270020 33.280102	0.000 25.000 0.000
item_ammo_pistol_ttt	-1216.000000 1215.310059 33.280102	0.000 268.000 0.000
item_ammo_pistol_ttt	48.000000 1844.000000 64.000000	0.000 60.000 0.000
item_ammo_pistol_ttt	-354.979004 1271.500000 -78.719902	0.000 98.000 0.000
item_ammo_pistol_ttt	-356.000000 1252.000000 -78.719902	0.000 264.000 0.000
item_ammo_pistol_ttt	-1052.000000 798.000000 -88.000000	0.000 8.500 0.000
item_ammo_pistol_ttt	-1044.000000 802.000000 -88.000000	0.000 359.500 0.000
item_ammo_pistol_ttt	-937.815979 1623.739990 -126.720001	0.000 264.000 0.000
item_ammo_pistol_ttt	-929.724976 1643.130005 -126.720001	0.000 132.000 0.000
item_ammo_pistol_ttt	-221.334000 1373.109985 -78.719902	0.000 127.000 0.000
item_ammo_pistol_ttt	-258.196991 1391.989990 -78.719902	0.000 156.000 0.000
item_ammo_pistol_ttt	-720.229980 1727.329956 -286.720001	0.000 274.000 0.000
item_ammo_pistol_ttt	-694.195984 1704.849976 -286.720001	0.000 265.000 0.000
item_ammo_pistol_ttt	-675.036011 1683.199951 -286.720001	0.000 131.000 0.000
item_ammo_pistol_ttt	-687.530029 1768.000000 -286.720001	0.000 257.000 0.000
item_ammo_pistol_ttt	-243.485001 1476.839966 85.647598	0.000 97.000 0.000
item_ammo_pistol_ttt	-243.485001 1484.680054 68.171097	0.000 205.000 0.000
item_ammo_pistol_ttt	-364.834991 1878.030029 33.280102	0.000 88.000 0.000
item_ammo_pistol_ttt	-2040.000000 -164.811005 -140.000000	0.000 207.000 0.000
item_ammo_pistol_ttt	-2001.189941 -187.710007 -140.000000	0.000 53.000 0.000
item_ammo_pistol_ttt	-2002.670044 -134.811005 -140.000000	0.000 17.000 0.000
item_ammo_pistol_ttt	-1966.849976 -156.822006 -140.000000	0.000 239.000 0.000
item_ammo_pistol_ttt	-1601.000000 2669.419922 -142.000000	0.000 339.000 0.000
item_ammo_pistol_ttt	-1608.449951 2634.949951 -142.720001	0.000 280.000 0.000
item_ammo_pistol_ttt	-1565.609985 2657.209961 -142.720001	0.000 349.000 0.000
item_ammo_pistol_ttt	-316.000000 1520.000000 -91.000000	0.000 105.000 0.000
item_ammo_pistol_ttt	-304.000000 1524.000000 -91.000000	0.000 45.000 0.000
weapon_zm_molotov	-515.205017 780.614014 61.014500	0.000 259.000 0.000
weapon_zm_molotov	-947.385986 840.979980 89.893799	0.000 6.000 0.000
weapon_zm_molotov	-484.890991 2107.439941 37.734600	0.000 265.000 0.000
weapon_zm_molotov	-380.204987 1207.869995 -74.265404	0.000 156.000 0.000
weapon_zm_molotov	-353.138000 1145.329956 -74.265404	0.000 274.000 0.000
weapon_zm_molotov	-303.487000 1139.949951 -282.265015	0.000 12.000 0.000
weapon_zm_molotov	-262.480011 1102.130005 -282.265015	0.000 318.000 0.000
weapon_zm_molotov	-836.614014 1615.400024 -45.382801	0.000 116.000 0.000
weapon_zm_molotov	124.794998 656.614014 61.329601	0.000 259.000 0.000
weapon_ttt_confgrenade	-1440.630005 2014.189941 36.487099	0.000 155.000 0.000
weapon_ttt_confgrenade	-1439.449951 675.973999 36.487099	0.000 141.000 0.000
weapon_ttt_confgrenade	-244.231995 746.572998 36.487099	0.000 302.000 0.000
weapon_ttt_confgrenade	-648.304993 738.094971 -123.513000	0.000 323.000 0.000
weapon_ttt_confgrenade	-52.573200 61.958000 -146.832001	0.000 247.000 0.000
weapon_ttt_confgrenade	-865.338989 1185.199951 -123.513000	0.000 0.000 0.000
weapon_ttt_confgrenade	-465.661987 849.096985 -123.513000	0.000 5.000 0.000
weapon_ttt_confgrenade	-1059.000000 788.000000 -85.000000	0.000 230.000 0.000
item_ammo_revolver_ttt	-408.000000 815.000000 72.000000	0.000 90.000 0.000
item_ammo_revolver_ttt	-123.070000 1590.670044 -96.724197	0.000 175.000 0.000
item_ammo_revolver_ttt	-145.869995 1592.060059 -96.724197	0.000 41.000 0.000
item_ammo_revolver_ttt	-665.370972 1704.770020 -286.723999	0.000 182.000 0.000
item_ammo_revolver_ttt	-674.476013 1746.949951 -286.723999	0.000 281.000 0.000
item_ammo_revolver_ttt	-1303.050049 1049.000000 33.275799	0.000 96.000 0.000
item_ammo_revolver_ttt	-1303.109985 1027.979980 33.275799	0.000 355.000 0.000
item_ammo_revolver_ttt	-368.205994 1845.869995 33.275799	0.000 294.000 0.000
item_ammo_revolver_ttt	-330.933990 1868.589966 33.275799	0.000 213.000 0.000
item_ammo_revolver_ttt	-990.598999 1734.369995 33.275799	0.000 148.000 0.000
item_ammo_revolver_ttt	-1005.650024 1723.500000 33.275799	0.000 101.000 0.000
item_ammo_revolver_ttt	-991.958984 1749.829956 33.275799	0.000 280.000 0.000
item_ammo_revolver_ttt	232.000000 691.000000 72.315102	0.000 90.000 0.000
weapon_zm_shotgun	-330.000000 1057.000000 -89.742104	0.000 330.000 0.000
weapon_zm_shotgun	-1362.270020 135.475998 -175.981003	0.000 168.000 0.000
weapon_zm_shotgun	-1670.479980 2715.260010 -76.571701	0.000 118.000 0.000
weapon_zm_shotgun	229.485992 660.107971 -87.776802	0.000 255.000 90.000
weapon_zm_sledge	-8.000000 1304.000000 -283.141998	0.000 51.000 0.000
weapon_zm_sledge	-1184.000000 1312.000000 -80.000000	0.000 230.000 0.000
weapon_zm_sledge	52.000000 1408.000000 68.000000	0.000 300.000 0.000
weapon_zm_sledge	-1321.000000 1745.000000 -103.000000	0.000 270.000 0.000
weapon_zm_sledge	-1427.969971 2004.949951 36.857800	0.000 24.000 0.000
weapon_zm_sledge	-1406.150024 928.393982 76.409698	0.000 279.000 0.000
weapon_zm_sledge	-1098.430054 1445.329956 36.857800	0.000 38.000 0.000
weapon_zm_revolver	-416.000000 799.000000 72.000000	0.000 45.000 90.000
weapon_zm_revolver	-137.889999 1571.979980 -95.002098	0.000 167.000 0.000
weapon_zm_revolver	212.567001 1982.209961 34.997898	0.000 318.000 0.000
weapon_zm_revolver	84.982201 1142.280029 34.997898	0.000 51.000 0.000
weapon_zm_revolver	-1451.310059 685.760010 34.997898	0.000 230.000 0.000
weapon_zm_revolver	230.798004 639.755005 -83.776802	0.000 75.000 90.000
weapon_zm_revolver	224.000000 675.000000 72.315102	0.000 45.000 90.000
weapon_ttt_glock	-1199.089966 1192.000000 72.000000	0.000 114.000 0.000
weapon_ttt_glock	100.744003 1228.000000 72.000000	0.000 213.000 0.000
weapon_ttt_glock	-1200.000000 1328.000000 -80.000000	0.000 45.000 0.000
weapon_zm_pistol	52.000000 1663.609985 76.000000	0.000 148.000 0.000
weapon_zm_pistol	-356.087006 1219.209961 -77.276802	0.000 132.000 0.000
weapon_zm_pistol	-401.449005 843.622986 -125.277000	0.000 275.000 0.000
weapon_zm_pistol	-123.490997 1472.329956 82.723198	0.000 228.000 0.000
weapon_zm_pistol	-163.143997 1469.969971 82.723198	0.000 176.000 0.000
weapon_zm_pistol	-300.000000 1504.000000 -83.792999	0.000 150.000 90.000
