# Trouble in Terrorist Town weapon/ammo placement overrides
# For map: ttt_byperbasedome_v1
# Exported by: niclas
setting:	replacespawns 1
ttt_random_weapon	2918.589844 -4104.731445 1841.216675	1.687 4.923 -93.028	auto_ammo 2
ttt_random_weapon	3023.762939 -4104.902344 1841.200806	1.866 4.928 -92.618	auto_ammo 2
ttt_random_weapon	3024.757568 -4984.456055 1841.194702	1.935 4.923 -92.461	auto_ammo 2
ttt_random_weapon	2928.762695 -4971.090332 1841.200073	1.874 4.929 -92.600	auto_ammo 2
ttt_random_weapon	2939.495117 -4545.773438 1960.713501	1.724 3.812 -92.943	auto_ammo 2
ttt_random_weapon	1604.789063 -3452.564941 1881.214233	1.715 4.925 -92.964	auto_ammo 2
ttt_random_weapon	1613.752441 -3246.619873 1881.208008	1.784 4.927 -92.806	auto_ammo 2
ttt_random_weapon	1684.779297 -4202.596680 1882.156860	6.433 2.506 -92.689	auto_ammo 2
ttt_random_weapon	1576.508179 -4181.292480 1882.715576	1.700 6.199 -92.999	auto_ammo 2
ttt_random_weapon	1633.627197 -4140.236816 1681.193970	1.944 4.923 -92.440	auto_ammo 2
ttt_random_weapon	1365.811401 -3805.040527 1681.226563	1.575 4.916 -93.284	auto_ammo 2
ttt_random_weapon	1886.642578 -3795.339111 1681.204346	1.827 4.927 -92.707	auto_ammo 2
ttt_random_weapon	1989.247803 -3333.051758 1561.199951	1.877 4.715 -92.594	auto_ammo 2
ttt_random_weapon	1985.843872 -3227.414307 1561.218018	1.673 4.697 -93.060	auto_ammo 2
ttt_random_weapon	1976.336426 -2937.704590 1681.214600	1.711 4.701 -92.973	auto_ammo 2
ttt_random_weapon	2038.874878 -2650.799561 1841.198608	1.891 4.925 -92.561	auto_ammo 2
ttt_random_weapon	1957.559326 -2981.494385 1842.693237	1.948 6.209 -92.445	auto_ammo 2
ttt_random_weapon	1984.337891 -2810.597656 2041.204102	1.828 4.714 -92.704	auto_ammo 2
ttt_random_weapon	1869.923218 -3543.596436 1841.199097	1.885 4.780 -92.574	auto_ammo 2
ttt_random_weapon	1923.886353 -3619.259521 1841.225464	1.588 4.759 -93.255	auto_ammo 2
ttt_random_weapon	1857.227905 -3956.180664 1881.203369	1.837 4.713 -92.685	auto_ammo 2
ttt_random_weapon	1315.390869 -3581.434082 1841.221436	1.634 4.763 -93.149	auto_ammo 2
ttt_random_weapon	1384.390015 -3659.777832 1841.217163	1.681 5.728 -93.041	auto_ammo 2
ttt_random_weapon	1412.109863 -3916.671631 1881.219238	1.658 4.665 -93.093	auto_ammo 2
ttt_random_weapon	1873.469238 -4576.230469 1841.229492	1.542 6.182 -93.359	auto_ammo 2
ttt_random_weapon	1370.023193 -4576.014648 1841.191650	1.793 4.293 -92.582	auto_ammo 2
ttt_random_weapon	1337.857422 -5253.092773 1841.188721	2.002 4.921 -92.307	auto_ammo 2
ttt_random_weapon	1166.760254 -5240.926758 1841.218140	1.671 4.922 -93.064	auto_ammo 2
ttt_random_weapon	1179.761108 -5094.095703 1841.223511	1.611 4.919 -93.203	auto_ammo 2
ttt_random_weapon	1341.464722 -5100.295410 1841.202881	1.842 4.926 -92.672	auto_ammo 2
ttt_random_weapon	556.223206 -5043.305664 1881.201538	1.858 4.927 -92.637	auto_ammo 2
ttt_random_weapon	439.535187 -5030.486816 1881.204224	1.827 4.928 -92.708	auto_ammo 2
ttt_random_weapon	540.714539 -3958.606445 1841.211548	1.745 4.926 -92.895	auto_ammo 2
ttt_random_weapon	630.782410 -3933.169189 1841.221924	1.628 4.920 -93.163	auto_ammo 2
ttt_random_weapon	845.847168 -4561.235352 1841.175171	2.032 5.636 -92.450	auto_ammo 2
ttt_random_weapon	765.103943 -4391.633301 1841.156250	2.309 5.660 -91.833	auto_ammo 2
ttt_random_weapon	472.404602 -3013.469727 1841.228516	1.553 4.739 -93.334	auto_ammo 2
ttt_random_weapon	461.703674 -2920.378174 1841.229492	1.543 4.982 -93.359	auto_ammo 2
ttt_random_weapon	1088.520874 -3224.144287 1841.221802	1.630 4.988 -93.158	auto_ammo 2
ttt_random_weapon	400.339630 -2261.823975 1841.203125	1.812 5.715 -92.855	auto_ammo 2
ttt_random_weapon	1109.416138 -2014.973999 1881.207886	1.786 4.773 -92.801	auto_ammo 2
ttt_random_weapon	1104.653442 -2164.060059 1881.122925	2.015 6.688 -90.885	auto_ammo 2
ttt_random_weapon	703.995422 -1537.662964 1881.198364	1.893 4.782 -92.557	auto_ammo 2
ttt_random_weapon	887.948242 -1545.390869 1881.205444	1.814 4.776 -92.737	auto_ammo 2
ttt_random_weapon	1286.056641 -2128.743164 1881.194458	1.937 4.784 -92.454	auto_ammo 2
ttt_random_weapon	1402.176514 -2767.150146 1921.201294	1.860 4.779 -92.631	auto_ammo 2
ttt_random_weapon	2006.490845 -2001.062012 1841.198364	1.893 4.716 -92.555	auto_ammo 2
ttt_random_weapon	2115.181396 -2072.933838 1841.195679	1.890 5.712 -92.694	auto_ammo 2
ttt_random_weapon	1732.444702 -2350.563477 1841.203735	1.805 5.714 -92.869	auto_ammo 2
ttt_random_weapon	2400.199219 -2346.881104 1841.216309	1.671 5.718 -93.144	auto_ammo 2
ttt_random_weapon	2373.852539 -2488.875977 1841.197998	1.866 5.710 -92.744	auto_ammo 2
ttt_random_weapon	2221.909424 -1907.856201 1841.214233	1.715 4.924 -92.964	auto_ammo 2
ttt_random_weapon	2528.703857 -1918.083130 1843.171509	2.147 5.696 -92.167	auto_ammo 2
ttt_random_weapon	2560.233398 -2340.260254 1841.212524	1.735 4.770 -92.919	auto_ammo 2
ttt_random_weapon	2679.785889 -2337.405762 1841.202026	1.853 4.778 -92.649	auto_ammo 2
ttt_random_weapon	3594.156006 -2694.603027 1841.209839	1.764 4.927 -92.851	auto_ammo 2
ttt_random_weapon	3485.214600 -2789.070313 1841.208130	1.784 4.927 -92.805	auto_ammo 2
ttt_random_weapon	3060.424072 -3352.432129 1842.681885	2.080 6.190 -92.127	auto_ammo 2
ttt_random_weapon	2943.522461 -3387.916992 1841.208984	1.774 4.721 -92.830	auto_ammo 2
ttt_random_weapon	3214.455322 -3435.962646 1841.207275	1.794 5.075 -92.783	auto_ammo 2
ttt_random_weapon	3043.281982 -3477.384277 1641.210327	1.758 4.637 -92.865	auto_ammo 2
ttt_random_weapon	2988.166016 -3474.439941 1641.212036	1.739 4.926 -92.910	auto_ammo 2
ttt_random_weapon	2879.664307 -3265.354004 1641.191406	1.972 4.919 -92.376	auto_ammo 2
ttt_random_weapon	2148.539307 -3795.975830 1841.164307	2.224 5.692 -92.008	auto_ammo 2
ttt_random_weapon	2145.608887 -3703.300293 1841.177124	2.087 5.701 -92.289	auto_ammo 2
ttt_random_weapon	1581.445557 -3555.879150 2120.734863	1.481 3.775 -93.500	auto_ammo 2
ttt_random_weapon	1634.124390 -3563.899414 2120.710205	1.761 3.817 -92.859	auto_ammo 2
ttt_random_weapon	1510.217773 -3383.512207 2081.197754	1.901 4.718 -92.538	auto_ammo 2
ttt_random_weapon	1684.898804 -3397.823486 2081.209961	1.844 1.623 -93.467	auto_ammo 2
ttt_random_weapon	1614.791138 -3165.176270 2081.222168	1.625 4.693 -93.171	auto_ammo 2
ttt_random_weapon	1604.370361 -4474.822266 2241.223145	1.615 4.921 -93.194	auto_ammo 2
ttt_random_weapon	1617.486084 -4222.507324 2280.716309	1.691 7.974 -93.020	auto_ammo 2
ttt_random_weapon	1264.056152 -3795.170898 2281.230225	1.533 4.757 -93.381	auto_ammo 2
ttt_random_weapon	1393.389648 -3776.354004 2281.217041	1.683 4.768 -93.037	auto_ammo 2
ttt_random_weapon	1518.285645 -3185.874023 2241.192139	1.964 4.720 -92.392	auto_ammo 2
ttt_random_weapon	1671.309937 -3170.101074 2241.204834	1.821 4.713 -92.721	auto_ammo 2
ttt_random_weapon	1915.800659 -3850.253418 2281.199219	1.884 4.781 -92.576	auto_ammo 2
ttt_random_weapon	1910.974487 -4049.643799 2281.197754	1.901 4.782 -92.537	auto_ammo 2
ttt_random_weapon	1479.410400 -3680.864502 2561.198486	1.893 4.717 -92.557	auto_ammo 2
ttt_random_weapon	1703.931152 -3682.572021 2561.218018	1.673 4.698 -93.061	auto_ammo 2
ttt_random_weapon	1974.208984 -3563.029785 2761.236084	1.465 3.997 -93.536	auto_ammo 2
ttt_random_weapon	1300.019897 -3526.464355 2781.204102	1.829 4.777 -92.703	auto_ammo 2
ttt_random_weapon	1525.517456 -4355.934082 2481.212646	1.732 4.095 -92.925	auto_ammo 2
ttt_random_weapon	1159.653931 -3701.592041 1881.198608	1.890 4.277 -92.562	auto_ammo 2
ttt_random_weapon	1158.591309 -3946.035889 1881.232910	1.504 4.227 -93.448	auto_ammo 2
ttt_random_weapon	454.617188 -3798.655518 1841.223022	1.615 4.919 -93.193	auto_ammo 2
ttt_random_weapon	1165.766968 -3027.129395 1841.212158	1.715 5.718 -93.055	auto_ammo 2
ttt_random_weapon	2926.296387 -1754.595337 2041.212158	1.715 5.718 -93.055	auto_ammo 2
ttt_random_weapon	2613.988770 -1198.622070 1841.205444	1.815 4.711 -92.736	auto_ammo 2
ttt_random_weapon	2969.268066 -1177.437378 1881.203369	1.837 4.713 -92.685	auto_ammo 2
ttt_random_weapon	3468.378906 -1304.625122 1841.202393	1.819 5.715 -92.840	auto_ammo 2
ttt_random_weapon	3529.506104 -1328.778809 1841.190674	1.943 5.711 -92.585	auto_ammo 2
ttt_random_weapon	3705.709473 -1451.672241 1881.153320	2.339 5.663 -91.772	auto_ammo 2
ttt_random_weapon	3732.307373 -1615.725098 1881.215332	1.682 5.718 -93.123	auto_ammo 2
ttt_random_weapon	3471.737061 -1665.325806 1881.197998	1.866 5.710 -92.744	auto_ammo 2
ttt_random_weapon	3655.005127 -2113.151611 1961.230713	1.517 5.723 -93.460	auto_ammo 2
ttt_random_weapon	3390.635742 -2189.070068 1961.165527	2.211 5.690 -92.035	auto_ammo 2
ttt_random_weapon	3253.958740 -2026.063721 1961.196533	1.882 5.711 -92.711	auto_ammo 2
ttt_random_weapon	3689.269531 -2956.364502 2241.237793	1.147 5.257 -94.671	auto_ammo 2
ttt_random_weapon	3711.666748 -3372.682129 2201.206299	1.777 5.716 -92.926	auto_ammo 2
ttt_random_weapon	3482.706055 -3336.582275 2201.209961	1.738 5.716 -93.006	auto_ammo 2
ttt_random_weapon	3618.803955 -3787.126953 2241.178223	2.076 5.700 -92.312	auto_ammo 2
ttt_random_weapon	3388.927002 -3785.966064 2241.153564	2.338 5.663 -91.772	auto_ammo 2
ttt_random_weapon	2506.611084 -5007.458984 1841.235352	1.476 4.973 -93.511	auto_ammo 2
ttt_random_weapon	2297.402344 -5013.129395 1861.217529	1.678 4.767 -93.049	auto_ammo 2
ttt_random_weapon	1982.247803 -5012.277832 1841.223267	1.612 4.987 -93.199	auto_ammo 2
ttt_random_weapon	1621.644531 -3851.899902 1860.719360	1.658 6.200 -93.095	auto_ammo 2
ttt_random_weapon	1625.417114 -3951.277100 1860.706665	1.800 6.199 -92.769	auto_ammo 2
ttt_random_weapon	1563.486938 -3409.124268 2721.201660	1.857 4.930 -92.639	auto_ammo 2
ttt_random_weapon	1688.527466 -3577.143066 2721.207520	1.790 4.930 -92.792	auto_ammo 2
ttt_random_weapon	1640.356934 -4306.152832 2241.200928	1.865 4.930 -92.620	auto_ammo 2
ttt_random_weapon	1591.980957 -4313.744629 2241.209473	1.770 4.928 -92.838	auto_ammo 2
ttt_random_weapon	1503.143921 -3530.417480 2421.205322	1.814 4.776 -92.737	auto_ammo 2
ttt_random_weapon	1623.661255 -3846.077148 2440.695801	1.923 8.003 -92.488	auto_ammo 2
ttt_random_weapon	1735.529663 -3517.547119 2421.204834	1.821 4.777 -92.720	auto_ammo 2
ttt_random_weapon	1619.960327 -3348.392090 2421.211426	1.746 4.772 -92.892	auto_ammo 2
ttt_playerspawn	1890.552856 -3231.629639 1560.545654	-0.066 0.000 0.065
ttt_playerspawn	1876.736450 -3580.740479 1680.543335	-0.055 -0.000 0.055
ttt_playerspawn	1905.849365 -2902.725830 1680.559204	0.009 0.000 -0.138
ttt_playerspawn	2052.110840 -2746.462158 2040.557617	0.048 -0.095 0.182
ttt_playerspawn	1621.281616 -3583.714844 1840.536499	0.074 0.057 0.210
ttt_playerspawn	1073.750610 -3394.710938 1840.533447	-0.064 -0.000 0.064
ttt_playerspawn	1074.315308 -4068.757813 1840.534180	-0.002 -0.111 0.207
ttt_playerspawn	1290.520630 -4593.082031 1840.538818	0.040 -0.024 0.235
ttt_playerspawn	1644.839844 -4806.740234 1840.548218	0.074 0.116 0.239
ttt_playerspawn	2142.093262 -5011.801758 1860.514526	-0.034 -0.000 0.034
ttt_playerspawn	2950.336182 -4280.028320 1840.527100	-0.040 -0.016 0.272
ttt_playerspawn	2995.156250 -4824.601563 1840.539551	-0.257 0.016 -0.066
ttt_playerspawn	2597.197266 -4530.416504 1840.552856	0.289 0.027 0.291
ttt_playerspawn	2181.833008 -4000.076416 1840.474609	-0.123 -0.157 0.188
ttt_playerspawn	2500.687744 -3572.259277 1840.558228	-0.040 -0.000 0.040
ttt_playerspawn	2991.788086 -3542.748047 1840.558716	0.040 0.000 0.040
ttt_playerspawn	2930.168213 -3357.506104 1640.538818	-0.060 -0.000 0.060
ttt_playerspawn	2025.040771 -3254.930664 1840.577148	0.000 102.625 0.072
ttt_playerspawn	1022.394653 -3077.935547 1840.506226	0.022 0.159 0.160
ttt_playerspawn	440.585449 -4017.487305 1880.547119	-0.195 0.011 -0.028
ttt_playerspawn	880.379211 -2577.651855 1840.563110	0.005 0.015 0.122
ttt_playerspawn	798.878479 -1746.099365 1879.994995	0.035 0.000 0.035
ttt_playerspawn	1277.649292 -2031.319580 1880.541870	0.009 -0.115 0.161
ttt_playerspawn	1732.077637 -2673.535889 1840.529541	-0.059 0.068 0.283
ttt_playerspawn	2424.595215 -1949.036011 1840.560303	-0.141 -0.038 0.084
ttt_playerspawn	2177.958984 -2493.195801 1840.563721	0.021 0.121 0.136
ttt_playerspawn	1997.626587 -2932.448975 1841.955933	-0.010 -0.000 0.010
ttt_playerspawn	3417.518799 -2044.385620 1960.521118	-0.253 -0.037 -0.011
ttt_playerspawn	3087.070801 -1846.798096 2000.497070	0.139 -0.017 -0.026
ttt_playerspawn	1633.386719 -4154.986328 2400.521973	-0.031 -0.000 0.031
ttt_playerspawn	1617.497925 -3778.095215 2560.543945	-0.293 0.007 0.130
ttt_playerspawn	1624.171631 -3504.000244 2720.535889	-0.062 -0.000 0.062
ttt_playerspawn	1618.370972 -4381.836426 2480.534180	0.064 0.000 0.064
ttt_playerspawn	2542.526855 -1430.862427 1840.565796	-0.130 -0.146 -0.104
ttt_playerspawn	3486.171875 -2643.935791 1840.541626	-0.057 -0.000 0.057
ttt_playerspawn	1264.985962 -5393.536621 1840.564453	-0.112 -0.064 -0.026
ttt_playerspawn	382.220123 -5003.653320 1880.534058	0.064 0.000 0.064
item_ammo_pistol_ttt	2143.244385 -3094.443115 1840.333252	-0.145 -0.018 -0.044
item_ammo_pistol_ttt	2140.906494 -3059.603760 1840.358765	0.028 0.031 0.004
item_ammo_pistol_ttt	2168.260254 -3054.904785 1840.345337	-0.134 -0.019 -0.041
item_ammo_pistol_ttt	2188.519287 -3061.675537 1840.387085	-0.098 -0.020 -0.030
item_ammo_pistol_ttt	2207.150391 -3073.123291 1840.433105	0.422 0.007 0.166
item_ammo_pistol_ttt	2145.092529 -3114.795410 1840.437378	0.223 -0.116 0.293
item_ammo_pistol_ttt	2168.165527 -3120.672607 1840.374634	-0.025 0.120 -0.001
item_ammo_pistol_ttt	2195.240234 -3109.535400 1840.374634	-0.109 -0.019 -0.033
item_ammo_pistol_ttt	2210.026367 -3099.729004 1840.376465	-0.107 -0.019 -0.032
item_ammo_pistol_ttt	1057.272339 -2698.643311 1840.360718	-0.121 -0.019 -0.037
item_ammo_pistol_ttt	1077.660400 -2673.491699 1840.436279	0.236 -0.037 0.244
item_ammo_pistol_ttt	1019.210083 -2660.411377 1840.408325	-0.079 -0.020 -0.024
item_ammo_pistol_ttt	1058.452271 -2647.173584 1840.433716	0.309 -0.003 -0.166
item_ammo_pistol_ttt	1719.758301 -4569.090820 1840.381836	-0.102 -0.019 -0.031
item_ammo_pistol_ttt	1699.942505 -4587.966797 1840.347656	-0.132 -0.019 -0.040
item_ammo_pistol_ttt	1559.224487 -4558.776367 1840.382202	0.094 0.066 -0.014
item_ammo_pistol_ttt	1592.716919 -4581.020508 1840.424438	-0.065 -0.020 -0.020
item_ammo_pistol_ttt	1169.502075 -4968.703613 1840.459473	0.853 -0.019 0.021
item_ammo_pistol_ttt	1187.415283 -4966.158203 1840.452637	0.125 0.077 -0.238
item_ammo_pistol_ttt	1332.065186 -4996.165527 1840.438843	-0.184 0.112 0.157
item_ammo_pistol_ttt	1366.683960 -4982.015625 1840.335815	-0.142 -0.019 -0.043
item_ammo_pistol_ttt	2818.467285 -3738.712891 1840.427734	-0.062 -0.020 -0.019
item_ammo_pistol_ttt	2779.249512 -3740.859131 1840.358643	-0.123 -0.019 -0.037
item_ammo_pistol_ttt	2900.692871 -2574.089600 1840.368774	-0.114 -0.019 -0.034
item_ammo_pistol_ttt	2886.735107 -2618.889648 1840.349854	-0.130 -0.019 -0.039
weapon_zm_molotov	1940.179199 -3578.121826 2644.596680	2.502 -0.128 -2.582
weapon_zm_molotov	1538.408813 -4497.198730 2488.101074	3.357 0.028 0.341
weapon_zm_molotov	1539.344116 -4467.806152 2488.094482	2.622 0.040 1.592
weapon_zm_molotov	1298.215454 -3579.999756 2644.592529	2.618 -0.134 -2.703
weapon_zm_molotov	538.297668 -3859.345459 1884.145874	3.479 -0.222 -2.736
weapon_zm_molotov	583.028809 -3821.238770 1884.157227	2.535 -0.202 -2.034
weapon_zm_molotov	1142.869507 -4852.427734 1884.536499	2.373 -0.005 -2.311
weapon_zm_molotov	2415.262451 -4751.235352 1844.616455	1.853 -0.119 -1.899
weapon_zm_molotov	2381.162109 -4747.385254 1844.537109	1.956 0.003 -1.834
weapon_zm_molotov	2366.260498 -3134.901855 1844.543701	0.234 -0.195 -0.045
weapon_zm_molotov	2095.860107 -1954.696167 1844.549561	0.225 -0.203 -0.042
weapon_zm_molotov	2145.129639 -1983.426880 1844.568970	0.192 -0.215 -0.035
weapon_zm_molotov	658.449585 -1416.895996 1884.627441	1.543 -0.110 -1.573
weapon_zm_molotov	620.464050 -1416.598999 1884.526123	0.870 0.011 -0.570
weapon_zm_molotov	3618.301270 -2567.622803 1844.529785	0.860 0.012 -0.603
weapon_ttt_confgrenade	2779.844238 -4509.551270 1883.058472	1.630 -1.642 -0.282
weapon_ttt_confgrenade	2781.526123 -4554.977051 1883.012329	2.452 -1.526 -0.424
weapon_ttt_confgrenade	1419.274536 -4901.090820 1883.579834	1.097 0.220 -0.326
weapon_ttt_confgrenade	1095.048340 -4895.853516 1883.561035	1.398 0.221 -0.416
weapon_ttt_confgrenade	545.030884 -3824.458008 1883.079346	4.227 0.264 -1.063
weapon_ttt_confgrenade	579.009277 -3859.541016 1883.047729	2.638 -0.514 -0.884
weapon_ttt_confgrenade	2055.071777 -2812.945557 2043.528076	1.768 0.232 -0.737
weapon_ttt_confgrenade	1653.113159 -3335.924805 2423.522461	2.009 0.220 -0.597
weapon_ttt_confgrenade	1699.199585 -3341.532715 2423.584717	1.018 0.219 -0.302
weapon_ttt_confgrenade	1568.284058 -3349.477783 2423.529785	1.891 0.231 -0.562
weapon_ttt_confgrenade	1628.186890 -4010.302734 2563.510498	2.026 0.259 -0.844
weapon_ttt_confgrenade	1612.230713 -4017.036133 2563.512451	1.996 0.249 -0.831
weapon_ttt_confgrenade	1621.573242 -3999.828125 2563.608154	0.596 0.221 -0.248
weapon_ttt_confgrenade	1612.894409 -3998.426514 2563.503906	2.120 0.266 -0.883
weapon_ttt_confgrenade	1617.114380 -3983.913574 2563.566406	1.212 0.224 -0.505
weapon_ttt_confgrenade	1624.932739 -3983.192383 2563.489990	2.320 0.202 -0.966
item_ammo_revolver_ttt	2867.637451 -4586.764648 1959.842285	0.755 0.207 -0.021
item_ammo_revolver_ttt	2854.653809 -4577.592773 1959.860229	0.716 0.203 -0.018
item_ammo_revolver_ttt	2879.213867 -4494.791504 1959.890259	0.554 0.366 -0.001
item_ammo_revolver_ttt	2855.539795 -4499.322754 1959.834229	0.772 0.210 -0.022
item_ammo_revolver_ttt	2871.779785 -4524.993652 1959.853394	0.731 0.205 -0.019
item_ammo_revolver_ttt	2872.321777 -4550.996094 1959.866699	0.702 0.203 -0.017
item_ammo_revolver_ttt	1156.442749 -5396.518555 1840.344482	0.453 0.062 0.050
item_ammo_revolver_ttt	1183.983521 -5394.664551 1840.403564	0.465 0.055 0.027
item_ammo_revolver_ttt	628.654968 -2676.428223 1880.355347	0.455 0.060 0.046
item_ammo_revolver_ttt	652.272583 -2716.287598 1880.338623	0.452 0.065 0.053
item_ammo_revolver_ttt	1001.993103 -1428.077393 1880.402100	0.652 0.130 -0.027
item_ammo_revolver_ttt	1012.238892 -1417.093384 1880.377319	0.460 0.058 0.037
item_ammo_revolver_ttt	1207.985596 -1926.400269 1920.447876	0.903 -0.279 -0.615
item_ammo_revolver_ttt	1213.860962 -1941.835815 1920.317017	0.447 0.072 0.061
item_ammo_revolver_ttt	3693.756348 -1132.767334 1840.357544	0.466 0.062 0.041
item_ammo_revolver_ttt	3664.270264 -1148.745483 1840.389404	0.470 0.057 0.029
item_ammo_revolver_ttt	3637.581299 -1135.915405 1840.374878	0.468 0.059 0.035
item_ammo_revolver_ttt	3561.144287 -1109.619507 1840.359253	0.467 0.062 0.040
item_ammo_revolver_ttt	3532.726563 -1129.860596 1840.386963	0.469 0.058 0.030
item_ammo_revolver_ttt	3505.982422 -1116.752808 1840.382568	0.035 -0.325 -0.079
item_ammo_revolver_ttt	3449.885986 -1120.881714 1840.352417	0.382 0.096 0.131
item_ammo_revolver_ttt	3428.122070 -1144.985474 1840.370361	0.468 0.059 0.036
item_ammo_revolver_ttt	3397.987305 -1108.758301 1840.357544	0.466 0.062 0.041
item_ammo_revolver_ttt	3261.274414 -3447.839844 1880.317139	0.448 0.075 0.060
item_ammo_revolver_ttt	3269.612549 -3470.941162 1880.405518	0.465 0.056 0.025
weapon_zm_revolver	2859.760254 -4508.492676 1961.424683	2.433 -19.715 -84.014
weapon_zm_revolver	2860.185791 -4566.759766 1961.394165	2.462 -19.646 -83.325
weapon_zm_revolver	1168.679565 -5413.992676 1841.907593	2.449 -20.359 -83.630
weapon_zm_revolver	607.178894 -2694.459717 1881.874146	2.480 -20.297 -82.878
weapon_zm_revolver	1016.520874 -1432.056396 1881.922729	2.524 -20.546 -83.824
weapon_zm_revolver	1223.156250 -1937.140869 1921.935669	2.772 -20.092 -83.630
weapon_zm_revolver	3419.293945 -1117.392456 1841.843384	2.131 -18.866 -83.734
weapon_zm_revolver	3525.984863 -1114.223633 1841.932251	2.306 -18.974 -84.681
weapon_zm_revolver	3644.238037 -1115.860229 1841.948730	3.489 -17.043 -83.004
weapon_zm_revolver	3265.849854 -3456.432617 1881.894775	2.229 -22.664 -84.297
weapon_ttt_glock	2158.772461 -3076.156738 1840.525024	-0.840 25.757 91.833
weapon_ttt_glock	2165.863770 -3100.919678 1840.518433	-0.876 25.739 92.004
weapon_ttt_glock	2190.854492 -3089.025146 1840.513428	-0.903 25.713 92.134
weapon_ttt_glock	1036.814819 -2665.817383 1840.512207	-0.909 25.712 92.166
weapon_ttt_glock	1079.142700 -2696.667725 1840.525024	-0.840 25.757 91.833
weapon_ttt_glock	1554.880127 -4583.334473 1840.520020	-0.867 25.740 91.964
weapon_ttt_glock	1713.428223 -4587.359863 1840.521484	-0.859 25.747 91.926
weapon_zm_pistol	1335.079224 -4982.788574 1840.331421	0.352 36.882 88.581
weapon_zm_pistol	1178.836670 -4993.463379 1840.321411	0.422 36.880 88.329
weapon_zm_pistol	2780.351074 -3712.500488 1840.242188	-0.611 35.383 88.697
weapon_zm_pistol	2917.301270 -2625.027588 1840.283203	-0.432 35.376 89.035
