# Trouble in Terrorist Town weapon/ammo placement overrides
# For map: ttt_forsaken_fortress
# Exported by: niclas
setting:	replacespawns 1
weapon_ttt_smokegrenade	-1836.854248 965.799561 3333.555420	4.109 0.076 1.594
weapon_ttt_smokegrenade	-528.188782 1075.901978 3056.189941	0.329 0.002 0.018
weapon_ttt_smokegrenade	-517.623657 1081.626343 3056.253174	3.076 -0.128 -3.174
weapon_ttt_smokegrenade	-331.592377 1174.131226 3056.257080	2.998 -0.135 -3.099
weapon_ttt_smokegrenade	-344.512482 1167.907349 3056.203857	0.634 0.009 -0.346
weapon_ttt_smokegrenade	-262.159454 1025.609863 1641.399536	3.021 -0.132 -3.110
weapon_ttt_smokegrenade	-243.286636 997.011414 1641.341553	0.581 0.007 -0.238
weapon_ttt_smokegrenade	-646.738464 264.029175 1252.815186	4.487 -1.589 6.155
weapon_ttt_smokegrenade	-624.916321 272.530701 1252.702026	3.802 -1.792 5.462
weapon_ttt_smokegrenade	607.677673 733.465881 779.411682	1.997 -0.120 2.360
weapon_ttt_smokegrenade	636.138733 775.163940 780.301331	3.683 0.007 3.309
weapon_ttt_smokegrenade	1280.093018 -164.034119 685.531555	0.473 -0.200 -0.269
weapon_ttt_smokegrenade	1289.249634 -162.700470 685.526123	0.331 -0.098 -0.333
weapon_ttt_smokegrenade	1273.796875 -175.952637 685.520691	0.506 -0.099 -0.516
weapon_ttt_smokegrenade	1289.743896 -184.823929 685.510681	0.808 -0.101 -0.831
weapon_ttt_smokegrenade	1277.631714 -187.342209 685.495605	1.296 -0.106 -1.349
weapon_ttt_smokegrenade	1262.377441 -165.651718 685.445801	2.694 -0.129 -2.819
weapon_ttt_smokegrenade	-261.475433 641.105835 279.430603	1.557 -0.040 4.140
weapon_ttt_smokegrenade	215.447617 -607.206116 -139.123581	1.651 -0.116 -1.691
weapon_ttt_smokegrenade	-1926.052246 99.261421 795.771179	-4.681 0.067 -0.888
weapon_ttt_smokegrenade	-2021.364624 585.713135 313.777710	33.800 158.654 -83.069
weapon_ttt_smokegrenade	-1949.108643 510.039581 377.970245	3.434 0.041 -0.438
ttt_random_weapon	477.934052 224.758865 63.139091	1.096 5.135 -92.563	auto_ammo 2
ttt_random_weapon	527.838440 153.331589 63.820351	1.596 4.908 -92.925	auto_ammo 2
ttt_random_weapon	564.921631 87.433067 64.074181	1.499 4.905 -93.147	auto_ammo 2
ttt_random_weapon	551.700439 -44.037102 64.294609	1.148 3.038 -94.059	auto_ammo 2
ttt_random_weapon	-365.592957 -124.434059 60.318947	0.978 5.092 -92.710	auto_ammo 2
ttt_random_weapon	429.181366 343.548859 63.691360	0.843 4.600 -92.669	auto_ammo 2
ttt_random_weapon	473.840210 -181.883377 63.931862	2.416 4.122 -92.728	auto_ammo 2
ttt_random_weapon	401.917542 -975.807678 -132.363831	3.470 3.851 -93.820	auto_ammo 2
ttt_random_weapon	314.866882 -939.313843 -127.373047	-3.321 -5.967 93.421	auto_ammo 2
ttt_random_weapon	253.790527 -701.023254 -142.540039	1.791 4.929 -92.791	auto_ammo 2
ttt_random_weapon	303.454620 -732.282043 -142.531326	1.692 4.925 -93.016	auto_ammo 2
ttt_random_weapon	689.003967 -126.740158 214.270218	0.697 5.257 -93.355	auto_ammo 2
ttt_random_weapon	730.158142 -239.368988 215.245987	0.707 5.257 -93.333	auto_ammo 2
ttt_random_weapon	705.196899 -449.154999 159.453873	1.934 4.924 -92.462	auto_ammo 2
ttt_random_weapon	922.405151 -483.353027 277.194489	1.412 4.865 -93.317	auto_ammo 2
ttt_random_weapon	1075.670044 -1050.988159 277.130615	0.608 4.021 -94.943	auto_ammo 2
ttt_random_weapon	1177.785645 -880.193726 276.764404	1.206 5.172 -92.699	auto_ammo 2
ttt_random_weapon	1119.304932 -589.243835 282.349854	2.507 5.242 -92.132	auto_ammo 2
ttt_random_weapon	844.967285 322.950104 281.408203	1.417 2.812 -93.107	auto_ammo 2
ttt_random_weapon	1009.180908 433.616333 278.000244	1.652 4.900 -92.702	auto_ammo 2
ttt_random_weapon	880.226746 577.543701 277.887787	1.846 4.899 -92.258	auto_ammo 2
ttt_random_weapon	612.277161 350.853180 277.987244	1.698 4.674 -92.576	auto_ammo 2
ttt_random_weapon	-511.907745 755.012268 275.035217	0.437 3.800 -93.800	auto_ammo 2
ttt_random_weapon	-377.281219 994.475586 275.776794	1.425 4.901 -92.867	auto_ammo 2
ttt_random_weapon	-126.701477 716.854187 276.840576	1.325 4.900 -93.146	auto_ammo 2
ttt_random_weapon	-465.177643 555.716003 274.964630	1.660 4.914 -92.379	auto_ammo 2
ttt_random_weapon	-1092.149902 -845.517761 272.095825	1.903 5.578 -93.072	auto_ammo 2
ttt_random_weapon	-1351.148926 -678.969177 272.395172	1.892 4.213 -93.121	auto_ammo 2
ttt_random_weapon	-1285.456665 -910.065063 272.999756	1.827 4.212 -93.271	auto_ammo 2
ttt_random_weapon	-1004.593872 -594.817688 273.127075	1.610 5.195 -93.764	auto_ammo 2
ttt_random_weapon	214.298889 -1522.399658 279.646606	2.329 3.183 -93.247	auto_ammo 2
ttt_random_weapon	110.409302 -1691.362915 275.485962	1.658 4.860 -92.231	auto_ammo 2
ttt_random_weapon	124.901184 -1763.464844 275.326721	1.080 4.554 -92.179	auto_ammo 2
ttt_random_weapon	852.677917 -1742.172974 661.934021	1.200 6.180 -95.303	auto_ammo 2
ttt_random_weapon	664.224915 -1773.462524 661.014648	1.252 6.180 -95.179	auto_ammo 2
ttt_random_weapon	753.379639 -1736.026367 660.634705	1.362 6.180 -94.916	auto_ammo 2
ttt_random_weapon	1299.627319 -379.817810 644.660400	1.232 3.702 -91.828	auto_ammo 2
ttt_random_weapon	1253.549072 118.024750 660.333435	1.414 3.281 -91.071	auto_ammo 2
ttt_random_weapon	1370.078857 112.030029 660.275940	1.341 3.272 -91.239	auto_ammo 2
ttt_random_weapon	-1079.725464 -1554.147583 665.558960	-5.152 -8.253 87.512	auto_ammo 2
ttt_random_weapon	-949.655640 -1624.719971 667.296143	-2.799 -8.794 86.674	auto_ammo 2
ttt_random_weapon	-1075.346069 -1456.321777 669.805908	-4.970 -8.585 87.133	auto_ammo 2
ttt_random_weapon	67.301369 202.078705 62.568993	1.937 4.971 -92.514	auto_ammo 2
ttt_random_weapon	-69.340065 15.231638 62.023258	1.454 4.903 -93.251	auto_ammo 2
ttt_random_weapon	53.371342 80.840408 62.292114	1.866 4.900 -92.306	auto_ammo 2
ttt_random_weapon	-54.824558 127.331779 62.689137	1.538 4.972 -93.428	auto_ammo 2
ttt_random_weapon	781.706299 -35.720081 409.959351	-2.980 -170.120 90.248	auto_ammo 2
ttt_random_weapon	733.151855 587.060059 528.618286	-3.995 6.728 -100.581	auto_ammo 2
ttt_random_weapon	761.738403 469.256287 527.114380	4.760 3.057 -89.335	auto_ammo 2
ttt_random_weapon	221.784683 731.767883 713.527527	1.296 4.353 -92.560	auto_ammo 2
ttt_random_weapon	376.713989 691.657043 713.822449	1.280 4.344 -92.598	auto_ammo 2
ttt_random_weapon	321.483734 1087.132080 717.953674	2.036 7.781 -91.147	auto_ammo 2
ttt_random_weapon	441.606445 1007.942505 717.709839	1.091 4.264 -93.030	auto_ammo 2
ttt_random_weapon	44.195679 1237.304199 1050.434448	1.294 5.820 -99.101	auto_ammo 2
ttt_random_weapon	-619.558533 1191.535767 1046.984619	4.698 -25.946 -79.261	auto_ammo 2
ttt_random_weapon	-731.239502 1014.994141 1007.191528	-7.884 36.042 -88.383	auto_ammo 2
ttt_random_weapon	-737.326538 1067.005005 1016.186646	-2.497 -16.234 94.302	auto_ammo 2
ttt_random_weapon	-1194.240112 -185.411880 790.959106	3.675 4.961 -93.507	auto_ammo 2
ttt_random_weapon	-1283.459351 -148.841537 792.933228	3.409 4.977 -94.115	auto_ammo 2
ttt_random_weapon	-1139.163818 -87.118797 789.722229	-4.474 -4.812 87.429	auto_ammo 2
ttt_random_weapon	-1221.642090 -47.697010 789.158264	3.611 4.965 -93.652	auto_ammo 2
ttt_random_weapon	-1839.977661 149.218628 793.110962	0.472 4.895 -94.607	auto_ammo 2
ttt_random_weapon	-1798.004639 204.159592 792.819031	0.759 4.898 -93.839	auto_ammo 2
ttt_random_weapon	-2064.840820 -99.521210 525.497131	0.984 5.656 -94.712	auto_ammo 2
ttt_random_weapon	-2136.011963 32.303455 520.471313	1.721 4.912 -92.894	auto_ammo 2
ttt_random_weapon	-79.106544 -1491.682739 529.575012	0.182 1.851 -93.193	auto_ammo 2
ttt_random_weapon	713.191345 -927.486938 276.577484	1.652 4.878 -92.768	auto_ammo 2
ttt_random_weapon	-932.121338 575.005493 1222.963745	2.742 2.706 -92.626	auto_ammo 2
ttt_random_weapon	-847.899475 660.221375 1221.093628	3.649 4.574 -93.443	auto_ammo 2
ttt_random_weapon	-902.911865 492.754761 1222.765137	5.272 3.711 -90.327	auto_ammo 2
ttt_random_weapon	-803.202820 554.541626 1220.300659	3.110 3.432 -90.923	auto_ammo 2
ttt_random_weapon	-691.861206 370.576172 1211.831543	6.216 4.295 -89.629	auto_ammo 2
ttt_random_weapon	-842.808411 363.266357 1219.054688	4.088 4.510 -91.377	auto_ammo 2
ttt_random_weapon	-251.281754 375.056824 1063.190918	5.971 3.451 -99.805	auto_ammo 2
ttt_random_weapon	-281.558533 984.343445 1638.048462	1.576 4.759 -93.281	auto_ammo 2
ttt_random_weapon	-247.363098 566.933044 1625.413574	1.443 4.903 -93.590	auto_ammo 2
ttt_random_weapon	-357.695740 597.871704 1626.471436	0.983 4.939 -93.727	auto_ammo 2
ttt_random_weapon	-502.219482 592.676819 1653.880493	1.625 4.762 -93.169	auto_ammo 2
ttt_random_weapon	-631.298523 800.484558 1653.866821	1.780 4.773 -92.816	auto_ammo 2
ttt_random_weapon	-394.046295 523.765503 1961.923218	-6.537 7.163 -97.936	auto_ammo 2
ttt_random_weapon	-301.053253 1033.635376 2160.369873	15.971 7.936 -91.710	auto_ammo 2
ttt_random_weapon	-373.259064 608.787537 2343.825439	-5.866 0.984 -91.876	auto_ammo 2
ttt_random_weapon	-304.171295 997.814453 2489.077148	17.611 -0.504 91.968	auto_ammo 2
ttt_random_weapon	-586.933899 848.708008 2569.330566	1.187 7.522 -98.432	auto_ammo 2
ttt_random_weapon	-366.031097 495.869995 3019.455322	1.732 4.443 -93.360	auto_ammo 2
ttt_random_weapon	-219.807159 552.413757 3019.249512	1.541 5.463 -93.566	auto_ammo 2
ttt_random_weapon	-222.026093 1156.044312 3019.919678	1.058 4.242 -94.054	auto_ammo 2
ttt_random_weapon	-33.090149 975.681580 3019.505615	1.150 4.900 -93.137	auto_ammo 2
ttt_random_weapon	-596.619751 993.062683 3019.356445	2.097 5.158 -92.170	auto_ammo 2
ttt_random_weapon	-631.456604 632.172729 3019.663086	1.909 4.636 -92.519	auto_ammo 2
ttt_random_weapon	-686.559998 779.163635 3019.639648	2.137 3.687 -91.498	auto_ammo 2
ttt_random_weapon	-1778.439087 989.153015 3330.340820	1.759 4.773 -92.863	auto_ammo 2
ttt_random_weapon	-1746.268921 1074.560913 3330.060791	6.750 2.692 -91.434	auto_ammo 2
ttt_random_weapon	-1636.448364 989.665466 3329.819580	0.186 2.898 -93.273	auto_ammo 2
ttt_random_weapon	-1621.702637 1027.480713 3329.955566	1.291 3.247 -94.221	auto_ammo 2
ttt_playerspawn	-324.538300 -297.786072 62.017872	-1.173 0.020 -0.511
ttt_playerspawn	-225.146027 152.632233 61.714855	-0.069 0.100 -0.346
ttt_playerspawn	-53.556797 422.194458 61.048180	-0.068 0.077 -0.399
ttt_playerspawn	313.454041 52.238121 62.578705	-0.204 0.000 -0.214
ttt_playerspawn	244.789932 -377.683807 63.115791	-0.197 0.000 -0.210
ttt_playerspawn	488.318756 -791.212891 -90.728683	0.053 0.000 0.052
ttt_playerspawn	640.373047 -564.747742 158.806351	-0.051 0.000 -0.052
ttt_playerspawn	805.338501 -749.781677 276.195587	-0.269 0.077 0.003
ttt_playerspawn	1041.747559 -938.114136 275.142731	-0.692 2.264 0.677
ttt_playerspawn	1182.754395 -399.444794 642.865112	-0.292 -0.185 1.426
ttt_playerspawn	537.946716 -1467.285645 651.985779	-0.264 0.088 -0.759
ttt_playerspawn	-871.706177 -1232.580566 668.104065	1.764 -0.147 -2.604
ttt_playerspawn	887.526062 432.303436 281.062744	-0.311 -0.168 0.175
ttt_playerspawn	732.941589 -24.820137 410.866791	3.992 0.408 -4.552
ttt_playerspawn	194.511368 -1483.736572 494.687836	-0.162 0.000 -0.165
ttt_playerspawn	191.743347 -1755.531738 275.282623	-0.129 0.054 0.713
ttt_playerspawn	-421.640411 -1539.292480 293.437897	-4.106 -2.329 -1.384
ttt_playerspawn	-2048.912109 -18.206888 522.368835	-1.058 0.106 -2.082
ttt_playerspawn	-1432.113525 -59.403378 691.879822	-0.220 0.000 -0.212
ttt_playerspawn	-1179.377808 59.333073 788.992920	0.396 0.170 1.622
ttt_playerspawn	493.816193 866.455750 715.668152	-0.272 -0.052 0.837
ttt_playerspawn	-305.900238 837.512207 275.410950	-0.420 0.096 0.064
ttt_playerspawn	-1347.239014 -840.168030 272.260284	0.222 -0.000 -0.206
ttt_playerspawn	-1213.052490 -531.191895 272.142029	0.562 -0.030 0.066
ttt_playerspawn	-131.149109 1443.690063 1037.023682	4.770 0.270 -1.102
ttt_playerspawn	-756.546509 299.448761 1213.274292	4.557 0.389 2.507
ttt_playerspawn	-846.875916 467.418640 1218.583740	3.195 -0.032 1.339
ttt_playerspawn	-376.918732 785.965027 1623.216919	-0.287 -0.057 -0.181
ttt_playerspawn	-114.247742 970.740967 1672.194458	-0.081 0.000 -0.081
ttt_playerspawn	-126.631714 1040.203613 3018.479248	-0.336 -0.001 0.334
ttt_playerspawn	-105.659668 621.954834 3018.718750	-0.410 0.001 -0.568
ttt_playerspawn	-557.148315 573.531128 3018.973633	0.090 -0.000 -0.090
ttt_playerspawn	-655.795349 913.247681 3018.987061	0.076 0.000 0.076
ttt_playerspawn	-1590.721436 1222.355591 3329.642090	-0.213 -0.061 -0.005
weapon_zm_molotov	-880.436768 -1428.865967 711.533569	0.263 -0.195 -0.147
weapon_zm_molotov	-867.588928 -1428.036987 711.529236	0.226 -0.098 -0.222
weapon_zm_molotov	-870.081665 -1437.271484 711.525269	0.362 -0.097 -0.365
weapon_zm_molotov	-880.696289 -1436.820313 711.519470	0.544 -0.100 -0.556
weapon_zm_molotov	-873.128906 -1447.321167 711.470337	2.028 -0.117 -2.118
weapon_zm_molotov	-884.831970 -1445.487427 711.431213	3.086 -0.131 -3.233
weapon_zm_molotov	175.773788 1141.589966 720.172180	-0.039 -1.083 3.434
weapon_zm_molotov	215.578308 1160.656006 721.080261	-0.270 -1.403 2.660
weapon_zm_molotov	-262.710602 303.991852 1070.728638	2.487 -0.127 -2.559
weapon_zm_molotov	-1845.072754 38.474609 798.645203	-1.879 -0.276 -0.647
weapon_ttt_confgrenade	763.437622 -1569.527588 694.505310	0.076 -1.557 0.021
weapon_ttt_confgrenade	770.448608 -1555.992676 694.503784	0.003 -0.641 -0.056
weapon_ttt_confgrenade	752.996521 -1558.733032 694.500916	0.004 -0.635 -0.097
weapon_ttt_confgrenade	748.158325 -1571.706909 694.494080	0.009 -0.641 -0.194
weapon_ttt_confgrenade	779.253601 -1567.198242 694.447510	0.039 -0.640 -0.854
weapon_ttt_confgrenade	787.041199 -1554.604004 694.390015	0.076 -0.608 -1.659
item_ammo_revolver_ttt	-1729.634644 892.372314 3329.419189	0.744 -0.222 -0.157
item_ammo_revolver_ttt	-1723.081055 907.581848 3329.385254	0.762 -0.223 -0.163
item_ammo_revolver_ttt	-1688.370361 912.401733 3329.348633	4.439 -0.339 0.334
item_ammo_revolver_ttt	19.302671 839.472290 3018.807373	0.014 0.017 -0.119
item_ammo_revolver_ttt	24.613085 824.785400 3018.863770	0.024 0.017 -0.121
item_ammo_revolver_ttt	-642.009399 951.043030 1624.492554	0.529 0.002 0.038
item_ammo_revolver_ttt	-621.387329 955.838867 1624.546265	0.464 0.074 0.094
item_ammo_revolver_ttt	-53.678696 856.105957 1624.545898	0.439 -0.060 -0.104
item_ammo_revolver_ttt	-66.764648 866.870361 1624.526978	0.435 -0.060 -0.104
item_ammo_revolver_ttt	-108.797211 707.635864 1624.747681	0.437 -0.060 -0.104
item_ammo_revolver_ttt	-106.156136 685.273071 1624.762939	0.443 -0.062 -0.105
item_ammo_revolver_ttt	352.500702 1195.026001 790.418945	-7.833 1.785 20.187
item_ammo_revolver_ttt	401.382599 1174.062256 791.436523	-10.554 1.476 17.809
item_ammo_revolver_ttt	-1092.539551 -303.377045 785.283813	-2.443 0.326 -0.574
item_ammo_revolver_ttt	-1063.098022 -284.496460 786.415466	-2.470 0.327 -0.575
item_ammo_revolver_ttt	-400.208588 -1325.958618 56.888905	0.325 0.039 0.084
item_ammo_revolver_ttt	-402.840424 -1304.887451 56.929943	0.321 0.039 0.084
item_ammo_revolver_ttt	-389.001495 -1272.589966 57.054848	0.313 0.038 0.083
item_ammo_revolver_ttt	-834.343750 -1002.502747 56.017754	0.376 -0.099 -0.011
item_ammo_revolver_ttt	-830.897827 -967.157837 56.006329	0.382 -0.098 -0.012
item_ammo_revolver_ttt	-871.618225 -964.702515 55.969944	0.358 -0.100 -0.010
item_ammo_revolver_ttt	189.217300 -670.246948 -143.365784	0.460 -0.056 -0.035
item_ammo_revolver_ttt	206.539413 -649.156860 -143.402649	0.452 -0.062 -0.050
item_ammo_revolver_ttt	1525.412231 -154.358109 649.119263	-0.102 0.371 2.518
item_ammo_revolver_ttt	1515.206543 -167.967529 648.426697	0.038 0.393 2.680
item_ammo_revolver_ttt	479.480377 -1835.203979 660.431580	-0.046 -0.411 -2.200
item_ammo_revolver_ttt	455.926056 -1817.548706 659.531677	0.013 -0.414 -2.296
item_ammo_revolver_ttt	-740.865234 -1679.239258 669.699341	-0.901 -0.071 2.651
item_ammo_revolver_ttt	-725.148010 -1647.034790 669.506165	-1.642 -0.006 3.585
item_ammo_revolver_ttt	-895.875732 -1180.705444 273.025299	3.194 -0.087 -0.965
item_ammo_revolver_ttt	-906.858398 -1133.272705 272.595947	3.115 -0.083 -0.974
item_ammo_revolver_ttt	-63.279495 882.383972 276.298645	0.271 -0.033 0.078
item_ammo_revolver_ttt	-31.642551 858.044373 276.431183	0.262 -0.033 0.078
item_ammo_revolver_ttt	979.719727 30.226803 281.384003	0.259 0.025 -0.052
item_ammo_revolver_ttt	956.001831 74.903557 281.353790	0.229 0.024 -0.055
item_ammo_revolver_ttt	689.895752 -1284.562622 281.646515	0.447 0.109 0.039
item_ammo_revolver_ttt	752.558044 -1234.280518 281.672516	0.472 0.108 0.041
item_ammo_revolver_ttt	-153.235886 -1558.224121 338.595825	-5.164 0.174 -1.407
item_ammo_revolver_ttt	-130.540161 -1564.775024 340.754089	-5.100 0.174 -1.408
weapon_zm_revolver	-1708.853516 895.808838 3330.764648	-1.040 -29.388 -87.480
weapon_zm_revolver	-2.474083 827.076904 3020.174561	1.915 -20.152 -83.660
weapon_zm_revolver	-630.647278 933.029358 1626.135132	2.417 -20.411 -84.339
weapon_zm_revolver	-63.242260 868.372620 1626.082153	2.344 -20.328 -83.404
weapon_zm_revolver	-97.834297 709.163757 1626.359985	2.315 -20.398 -84.258
weapon_zm_revolver	374.149780 1187.685181 790.753784	-16.461 27.283 99.518
weapon_zm_revolver	-1093.248047 -275.165771 786.572998	0.008 -21.331 -83.200
weapon_zm_revolver	-384.043884 -1300.329956 58.496010	2.448 -20.411 -83.007
weapon_zm_revolver	-863.452698 -987.972961 57.498451	2.325 -20.412 -83.115
weapon_zm_revolver	210.056747 -673.526123 -141.828140	2.438 -20.376 -83.896
weapon_zm_revolver	1531.967041 -164.572662 650.329163	2.501 -21.589 -81.753
weapon_zm_revolver	474.579041 -1810.764526 661.012085	1.288 -20.992 -85.503
weapon_zm_revolver	-718.345337 -1663.540894 670.446655	1.418 -18.735 -79.997
weapon_zm_revolver	-917.302979 -1154.797729 274.901367	4.147 -24.817 -85.421
weapon_zm_revolver	-68.555061 862.760498 277.819214	2.486 -20.666 -83.576
weapon_zm_revolver	972.345093 78.407753 282.951294	2.357 -20.653 -83.996
weapon_zm_revolver	739.998413 -1277.128784 283.244049	2.553 -20.581 -83.447
weapon_zm_revolver	-139.268799 -1521.198853 340.430786	-2.693 -21.874 -82.486
