# Trouble in Terrorist Town weapon/ammo placement overrides
# For map: ttt_mw2_highrise
# Exported by: Blockmaster2706
setting:	replacespawns 0
weapon_ttt_smokegrenade	-1032.750977 -981.359680 356.598267	2.411 -0.129 -2.479
weapon_ttt_smokegrenade	-1032.224731 -968.181030 356.531677	1.008 0.012 -0.770
ttt_random_weapon	412.789276 -4727.826172 -55.829620	2.159 5.699 -92.141	auto_ammo 2
ttt_random_weapon	176.082993 -5016.231445 -55.798321	1.827 5.712 -92.824	auto_ammo 2
ttt_random_weapon	-189.471939 -4909.125977 -55.790031	1.739 5.716 -93.006	auto_ammo 2
ttt_random_weapon	-420.431305 -4651.710449 -55.794937	1.791 5.713 -92.898	auto_ammo 2
ttt_random_weapon	-257.586792 -4470.645996 -55.769825	1.523 5.724 -93.449	auto_ammo 2
ttt_random_weapon	-160.939163 -4342.504395 -55.841000	2.279 5.682 -91.893	auto_ammo 2
ttt_random_weapon	-170.630096 -4148.400391 -302.791901	1.784 4.928 -92.806	auto_ammo 2
ttt_random_weapon	-563.302917 -3738.167480 -302.790619	1.745 5.717 -92.993	auto_ammo 2
ttt_random_weapon	-407.870331 -3267.587402 -302.788391	1.744 3.372 -92.896	auto_ammo 2
ttt_random_weapon	-118.390610 -2886.229248 -302.777313	1.619 4.921 -93.184	auto_ammo 2
ttt_random_weapon	-135.773499 -2135.507813 -302.775452	1.598 4.919 -93.231	auto_ammo 2
ttt_random_weapon	-364.001251 -1653.853394 -302.805237	1.934 4.925 -92.462	auto_ammo 2
ttt_random_weapon	-488.990662 -1179.391357 -94.802856	1.907 4.928 -92.523	auto_ammo 2
ttt_random_weapon	-1052.827881 -1687.932007 -94.793747	1.805 4.927 -92.758	auto_ammo 2
ttt_random_weapon	-1702.262573 -2085.982422 -94.769852	1.535 4.914 -93.376	auto_ammo 2
ttt_random_weapon	-1690.802490 -2228.496826 -94.799980	1.875 4.349 -92.597	auto_ammo 2
ttt_random_weapon	-1619.449341 -2660.232666 -94.788971	1.751 4.927 -92.882	auto_ammo 2
ttt_random_weapon	-1058.678711 -3163.808350 -94.808563	1.972 4.920 -92.376	auto_ammo 2
ttt_random_weapon	-1049.536377 -2410.484863 111.225090	1.592 4.986 -93.245	auto_ammo 2
ttt_random_weapon	-410.910278 -3657.925537 -55.796936	1.812 5.715 -92.855	auto_ammo 2
ttt_random_weapon	-582.638916 -4215.508301 106.209106	1.773 4.773 -92.832	auto_ammo 2
ttt_random_weapon	-766.315674 -4219.937500 106.210205	1.760 5.543 -92.860	auto_ammo 2
ttt_random_weapon	-1302.726685 -3665.762207 -55.845154	2.323 5.662 -91.803	auto_ammo 2
ttt_random_weapon	-1894.838257 -3878.375244 -55.806038	1.943 4.925 -92.441	auto_ammo 2
ttt_random_weapon	-2108.989502 89.517685 -55.779438	1.643 4.764 -93.128	auto_ammo 2
ttt_random_weapon	-1833.105957 -259.086578 -55.800846	1.885 4.781 -92.575	auto_ammo 2
ttt_random_weapon	-1244.581299 -175.368149 -55.781391	1.646 5.718 -93.195	auto_ammo 2
ttt_random_weapon	-671.228516 -164.407761 -55.818676	2.043 5.706 -92.380	auto_ammo 2
ttt_random_weapon	-91.009781 -811.542114 -302.805084	1.899 5.713 -92.676	auto_ammo 2
ttt_random_weapon	82.314735 -3315.545410 -94.780563	1.656 4.923 -93.099	auto_ammo 2
ttt_random_weapon	-853.792908 -3533.756592 -94.791885	1.784 4.928 -92.806	auto_ammo 2
ttt_random_weapon	-387.438751 -167.257050 -55.805908	1.907 5.708 -92.658	auto_ammo 2
ttt_random_weapon	-478.504730 -1000.229004 -55.818676	2.043 5.706 -92.380	auto_ammo 2
ttt_random_weapon	-1232.869141 -987.610901 -55.796936	1.812 5.715 -92.855	auto_ammo 2
weapon_zm_rifle	-1534.895874 -3348.607666 41.261642	0.423 -4.430 -88.944
weapon_zm_rifle	306.833435 -2271.519043 121.259346	0.442 -4.418 -88.910
weapon_zm_rifle	-868.007324 -999.609253 353.289490	0.259 -4.448 -89.310
item_ammo_357_ttt	-1526.872314 -3404.498779 40.363705	0.457 0.058 0.043
item_ammo_357_ttt	-1566.601563 -3381.380127 40.346321	0.453 0.062 0.049
item_ammo_357_ttt	331.789856 -2223.981934 120.377655	-0.028 0.127 -0.086
item_ammo_357_ttt	352.444275 -2242.395752 120.348175	0.454 0.062 0.049
item_ammo_357_ttt	-882.609009 -956.412476 352.378632	0.460 0.056 0.037
item_ammo_357_ttt	-850.524231 -973.691284 352.332489	0.451 0.065 0.055
weapon_zm_molotov	-961.869324 -989.754028 356.552612	3.705 -0.118 -3.838
weapon_zm_molotov	-971.260681 -946.496765 356.534912	1.401 0.011 -1.209
item_ammo_revolver_ttt	-771.441772 -4218.199219 -71.684578	0.462 0.075 0.056
item_ammo_revolver_ttt	-758.897339 -4224.860352 -71.651321	0.466 0.064 0.044
item_ammo_revolver_ttt	-1345.119019 -1323.452759 -95.669609	0.450 0.068 0.056
item_ammo_revolver_ttt	-1321.728027 -1320.113770 -95.685219	0.447 0.073 0.062
item_ammo_revolver_ttt	-35.843307 -2608.792236 9.393834	0.462 0.055 0.031
item_ammo_revolver_ttt	-20.196983 -2607.331055 9.317086	0.447 0.072 0.061
item_ammo_revolver_ttt	-41.880260 -2627.885010 9.362064	0.456 0.058 0.043
item_ammo_revolver_ttt	-949.411621 -1023.411438 352.338593	0.452 0.065 0.053
item_ammo_revolver_ttt	-924.393250 -1018.240601 352.353577	0.455 0.060 0.047
item_ammo_revolver_ttt	-243.268555 -2857.378662 -207.547180	0.754 -0.008 -0.442
item_ammo_revolver_ttt	-261.429993 -2881.420410 -207.671738	0.450 0.068 0.057
weapon_zm_revolver	-767.561096 -4243.346191 -70.094398	2.254 -18.949 -84.397
weapon_zm_revolver	-1344.691528 -1303.674927 -94.103210	2.459 -20.340 -83.387
weapon_zm_revolver	-33.591370 -2624.268555 10.979840	3.496 -18.817 -83.239
weapon_zm_revolver	-946.146973 -1034.698608 353.896790	2.459 -20.340 -83.387
weapon_zm_revolver	-260.138763 -2849.620605 -206.085754	2.443 -20.368 -83.780
