# Trouble in Terrorist Town weapon/ammo placement overrides
# For map: ttt_airbus_b3
# Exported by: Blockmaster2706
setting:	replacespawns 1
weapon_ttt_smokegrenade	1429.702393 333.548859 4.526732	0.263 -0.170 -0.051
weapon_ttt_smokegrenade	-2097.329346 168.092804 20.525640	0.631 0.009 -0.344
ttt_random_weapon	-2003.369995 244.762665 233.198395	1.893 7.421 -92.555	auto_ammo 2
ttt_random_weapon	-2045.833374 270.712555 233.220551	1.643 7.411 -93.128	auto_ammo 2
ttt_random_weapon	-2106.489990 246.877335 233.227737	1.562 7.407 -93.314	auto_ammo 2
ttt_random_weapon	-2186.640137 278.444122 233.194473	1.937 7.422 -92.455	auto_ammo 2
ttt_random_weapon	-2235.057373 253.213333 233.190247	1.985 7.422 -92.346	auto_ammo 2
ttt_random_weapon	-887.643433 244.904160 193.165512	2.211 5.690 -92.035	auto_ammo 2
ttt_random_weapon	-905.336365 261.303070 193.229630	1.529 5.724 -93.436	auto_ammo 2
ttt_random_weapon	-664.135254 364.032898 209.222733	1.602 5.720 -93.285	auto_ammo 2
ttt_random_weapon	-660.578918 142.769241 209.182327	2.032 5.705 -92.402	auto_ammo 2
ttt_random_weapon	-503.367401 370.274139 209.215317	1.681 5.718 -93.123	auto_ammo 2
ttt_random_weapon	-492.973480 139.902023 209.212204	1.715 5.718 -93.055	auto_ammo 2
ttt_random_weapon	-344.585938 143.577759 209.242783	1.388 5.734 -93.725	auto_ammo 2
ttt_random_weapon	-341.003174 372.098541 209.178207	2.076 5.700 -92.312	auto_ammo 2
ttt_random_weapon	589.199707 329.986725 193.198792	1.858 5.714 -92.761	auto_ammo 2
ttt_random_weapon	885.378723 390.733887 193.229630	1.529 5.724 -93.436	auto_ammo 2
ttt_random_weapon	1111.683472 166.512161 200.950699	27.954 10.105 88.839	auto_ammo 2
ttt_random_weapon	1381.467285 391.326538 193.242218	1.245 -11.574 -94.115	auto_ammo 2
ttt_random_weapon	766.368652 159.949524 -190.825043	2.110 5.694 -92.241	auto_ammo 2
ttt_random_weapon	943.189514 353.076782 -190.768280	1.506 5.724 -93.483	auto_ammo 2
ttt_random_weapon	1003.012207 159.956741 -190.835754	2.224 5.692 -92.008	auto_ammo 2
ttt_random_weapon	461.464630 334.454437 -190.776337	1.608 4.988 -93.208	auto_ammo 2
ttt_random_weapon	473.125854 186.091187 -190.785919	1.716 4.703 -92.961	auto_ammo 2
ttt_random_weapon	274.666656 185.202103 -190.766174	1.493 4.151 -93.472	auto_ammo 2
ttt_random_weapon	-1073.225342 179.378204 -190.796936	1.812 5.715 -92.855	auto_ammo 2
ttt_random_weapon	-711.849121 327.247589 -190.797623	1.819 5.715 -92.840	auto_ammo 2
ttt_random_weapon	1376.051392 159.612625 1.224751	1.580 5.724 -93.334	auto_ammo 2
ttt_random_weapon	1374.157837 348.047577 1.219490	1.637 5.720 -93.214	auto_ammo 2
ttt_random_weapon	-25.796135 379.033783 193.223663	1.608 4.988 -93.208	auto_ammo 2
ttt_random_weapon	-102.810257 134.785202 193.216019	1.695 4.985 -93.011	auto_ammo 2
ttt_random_weapon	-200.535690 327.842590 193.194092	1.907 5.708 -92.658	auto_ammo 2
ttt_random_weapon	-1675.180420 365.223816 225.217941	1.673 7.412 -93.060	auto_ammo 2
ttt_random_weapon	405.182587 379.222260 193.229187	1.546 4.982 -93.352	auto_ammo 2
ttt_random_weapon	478.316162 137.337662 193.220108	1.648 4.988 -93.116	auto_ammo 2
ttt_random_weapon	1302.413208 339.535126 308.733215	0.896 -0.265 -104.178	auto_ammo 2
ttt_random_weapon	987.410034 168.199432 308.396820	1.311 2.267 -93.078	auto_ammo 2
ttt_random_weapon	-1743.717163 209.436996 -0.758783	1.110 -88.825 -95.487	auto_ammo 2
ttt_random_weapon	-1651.330200 364.305969 1.142486	2.406 6.746 -91.836	auto_ammo 2
ttt_random_weapon	-2353.959229 117.697792 1.189841	1.953 5.706 -92.566	auto_ammo 2
ttt_random_weapon	-2363.133057 325.260895 29.167988	2.184 5.689 -92.089	auto_ammo 2
ttt_random_weapon	-45.281017 422.875397 1.200255	1.842 5.713 -92.793	auto_ammo 2
ttt_random_weapon	-844.863403 430.484070 1.181324	2.043 5.706 -92.380	auto_ammo 2
ttt_random_weapon	1134.512207 383.506836 1.245453	1.245 12.322 -94.484	auto_ammo 2
ttt_random_weapon	1193.372437 139.227707 1.203743	1.805 5.714 -92.869	auto_ammo 2
ttt_playerspawn	-1860.689453 324.327576 192.550415	4.621 -137.370 -0.158
ttt_playerspawn	-2237.910889 149.258469 192.546280	-0.005 -0.000 0.005
ttt_playerspawn	-947.687561 267.530365 192.546921	0.001 4.030 -0.169
ttt_playerspawn	1206.912231 123.874283 192.547867	1.253 90.538 0.004
ttt_playerspawn	967.772278 390.958405 193.583206	-0.548 -90.402 -0.139
ttt_playerspawn	563.118469 116.817795 192.563660	1.253 58.740 0.003
ttt_playerspawn	623.883484 129.360413 -191.473740	-0.036 -7.102 0.199
ttt_playerspawn	775.813232 379.478363 -191.530777	3.278 -109.178 0.012
ttt_playerspawn	-840.140808 354.767548 -191.481934	2.109 -93.436 0.007
ttt_playerspawn	-280.177612 155.952927 0.522867	-0.008 -0.000 0.008
ttt_playerspawn	-1906.270996 98.468155 0.447932	0.015 0.000 0.015
weapon_zm_molotov	-2350.057373 280.242676 32.578171	0.176 -0.219 -0.032
weapon_zm_molotov	282.152374 238.398880 228.601471	2.344 -0.127 -2.431
weapon_zm_molotov	-1457.739258 106.873528 236.511780	0.319 0.002 0.016
weapon_ttt_confgrenade	-2152.109375 255.998444 235.574783	1.021 0.216 0.810
weapon_ttt_confgrenade	-1974.847046 277.351685 235.508469	1.925 0.277 1.529
weapon_ttt_confgrenade	813.520935 400.981842 195.542923	1.433 0.260 1.140
weapon_ttt_confgrenade	799.055725 390.066742 195.546097	1.390 0.259 1.106
weapon_ttt_confgrenade	127.777260 268.660248 3.554158	1.493 0.244 -0.470
weapon_ttt_confgrenade	-890.921875 254.074875 43.556770	1.365 0.261 -0.565
weapon_ttt_confgrenade	-1704.468628 159.369919 43.525970	1.819 0.264 -0.753
weapon_ttt_confgrenade	1120.262939 120.784103 195.562393	1.364 0.243 -0.430
weapon_ttt_confgrenade	-284.206940 419.228577 3.543544	1.660 0.244 -0.523
weapon_ttt_confgrenade	-844.692139 86.109383 3.563682	1.343 0.244 -0.423
weapon_ttt_confgrenade	-1901.556763 214.462051 -84.491791	2.055 0.267 -0.856
item_ammo_revolver_ttt	-2310.773682 277.378021 232.343536	0.416 0.168 0.043
item_ammo_revolver_ttt	-2299.280029 272.674805 232.369247	0.429 0.166 0.034
item_ammo_revolver_ttt	-2292.278809 234.845963 232.349152	0.419 0.168 0.041
item_ammo_revolver_ttt	-2281.333252 228.928436 232.376602	0.432 0.166 0.031
item_ammo_revolver_ttt	138.278885 264.837799 192.346283	0.453 0.061 0.050
item_ammo_revolver_ttt	153.479691 272.222870 192.348145	0.453 0.061 0.049
item_ammo_revolver_ttt	-799.633118 117.018311 232.332443	0.450 0.063 0.056
item_ammo_revolver_ttt	-795.409424 128.715134 232.317062	0.447 0.072 0.062
item_ammo_revolver_ttt	830.613770 147.434601 -159.369812	0.441 0.052 0.032
item_ammo_revolver_ttt	814.001831 156.718765 -159.350754	0.448 0.050 0.026
item_ammo_revolver_ttt	1194.765137 263.780579 -191.662872	0.464 0.066 0.048
item_ammo_revolver_ttt	1176.231812 278.139557 -191.656967	0.465 0.064 0.046
item_ammo_revolver_ttt	1296.666138 272.521606 -191.596451	0.464 0.054 0.027
item_ammo_revolver_ttt	1319.668213 263.580017 -191.659454	0.452 0.064 0.052
weapon_zm_revolver	-2285.572021 244.743942 233.935303	2.088 -24.618 -85.642
weapon_zm_revolver	-2305.367432 283.774567 233.920273	1.970 -24.658 -85.847
weapon_zm_revolver	145.394531 255.206573 193.937347	2.504 -19.714 -84.151
weapon_zm_revolver	-782.931946 126.459938 233.930969	2.526 -19.699 -83.977
weapon_zm_revolver	821.916016 169.738358 -157.832291	2.564 -20.518 -83.444
weapon_zm_revolver	1199.631714 289.363129 -190.098633	2.245 -18.944 -84.352
weapon_zm_revolver	1299.097656 248.121307 -190.059967	2.728 -20.117 -83.800
