# Trouble in Terrorist Town weapon/ammo placement overrides
# For map: ttt_kakariko_v4a
# Exported by: Blockmaster2706
setting:	replacespawns 1
weapon_ttt_smokegrenade	-1148.780029 -1117.699951 -74.264999	0.000 0.000 0.000
weapon_ttt_smokegrenade	-1470.800049 -1112.079956 -74.264999	0.000 0.000 0.000
weapon_ttt_smokegrenade	-933.895996 756.260010 -312.000000	0.000 0.000 0.000
weapon_ttt_smokegrenade	-1154.810059 776.536987 -312.000000	0.000 0.000 0.000
weapon_ttt_smokegrenade	-1512.000000 258.000000 -376.000000	0.000 0.000 0.000
weapon_ttt_smokegrenade	-384.979004 1822.560059 264.342987	0.000 0.000 0.000
weapon_ttt_smokegrenade	211.843002 2318.179932 264.342987	0.000 0.000 0.000
weapon_ttt_smokegrenade	284.083008 2325.889893 264.342987	0.000 0.000 0.000
ttt_random_weapon	-1214.219971 771.546021 -372.362000	0.000 0.000 0.000	auto_ammo 2
ttt_random_weapon	-1277.079956 704.054016 -372.362000	0.000 0.000 0.000	auto_ammo 2
ttt_random_weapon	-721.452026 690.265991 -246.626999	0.000 0.000 0.000	auto_ammo 2
ttt_random_weapon	-342.308014 287.188995 -246.626999	0.000 0.000 0.000	auto_ammo 2
ttt_random_weapon	561.000000 702.000000 -376.000000	0.000 0.000 0.000	auto_ammo 2
ttt_random_weapon	1201.000000 4274.140137 8.372990	0.000 0.000 0.000	auto_ammo 2
ttt_random_weapon	965.705017 4413.000000 8.372990	0.000 0.000 0.000	auto_ammo 2
ttt_random_weapon	733.046021 4271.189941 8.372990	0.000 0.000 0.000	auto_ammo 2
ttt_random_weapon	1306.089966 3862.000000 -71.626999	0.000 0.000 0.000	auto_ammo 2
ttt_random_weapon	618.450989 3858.070068 -70.626999	0.000 0.000 0.000	auto_ammo 2
ttt_random_weapon	1442.000000 2858.000000 -243.113998	0.000 0.000 0.000	auto_ammo 2
ttt_random_weapon	1345.439941 2685.719971 -236.487000	0.000 0.000 0.000	auto_ammo 2
ttt_random_weapon	-361.278992 1867.359985 203.981003	0.000 0.000 0.000	auto_ammo 2
ttt_random_weapon	246.270996 68.123001 -278.627014	0.000 0.000 0.000	auto_ammo 2
ttt_random_weapon	254.373001 -1436.670044 -470.450989	0.000 0.000 0.000	auto_ammo 2
ttt_random_weapon	254.373001 -1376.670044 -469.450989	0.000 0.000 0.000	auto_ammo 2
ttt_random_weapon	254.373001 -1305.670044 -480.000000	0.000 0.000 0.000	auto_ammo 2
ttt_random_weapon	254.373001 -1234.670044 -470.450989	0.000 0.000 0.000	auto_ammo 2
ttt_random_weapon	254.373001 -1174.670044 -469.450989	0.000 0.000 0.000	auto_ammo 2
ttt_random_weapon	-511.000000 -715.801025 -470.450989	0.000 0.000 0.000	auto_ammo 2
ttt_random_weapon	-504.070007 -783.065002 -470.450989	0.000 0.000 0.000	auto_ammo 2
ttt_random_weapon	-493.627014 -846.239014 -460.901001	0.000 0.000 0.000	auto_ammo 2
ttt_random_weapon	-493.627014 -915.239014 -469.450989	0.000 0.000 0.000	auto_ammo 2
ttt_random_weapon	-493.627014 -975.239014 -470.450989	0.000 0.000 0.000	auto_ammo 2
ttt_random_weapon	-501.167999 -1032.900024 -470.450989	0.000 0.000 0.000	auto_ammo 2
ttt_random_weapon	268.959015 -1073.630005 -367.903015	0.000 0.000 0.000	auto_ammo 2
ttt_random_weapon	773.900024 -1090.319946 -367.903015	0.000 0.000 0.000	auto_ammo 2
ttt_random_weapon	1559.579956 177.000000 -375.627014	0.000 0.000 0.000	auto_ammo 2
ttt_random_weapon	-223.772995 1553.810059 -150.626999	0.000 0.000 0.000	auto_ammo 2
ttt_random_weapon	155.100998 1562.099976 -150.626999	0.000 0.000 0.000	auto_ammo 2
ttt_random_weapon	-698.387695 325.994202 -254.764587	1.475 4.909 -93.513	auto_ammo 2
ttt_random_weapon	-548.615112 494.175171 -254.771851	1.557 4.916 -93.325	auto_ammo 2
ttt_random_weapon	851.960388 4436.078125 1.216298	1.671 5.718 -93.144	auto_ammo 2
ttt_random_weapon	1285.227661 3876.289551 -78.791801	1.757 5.715 -92.967	auto_ammo 2
ttt_random_weapon	593.552429 3176.077881 -78.781387	1.646 5.718 -93.195	auto_ammo 2
ttt_random_weapon	74.434906 1667.134155 166.103973	7.970 -22.501 -78.342	auto_ammo 2
ttt_random_weapon	-28.917885 1653.662476 162.626923	7.945 -22.604 -78.461	auto_ammo 2
ttt_random_weapon	-154.993881 1654.295410 162.782578	7.994 -22.438 -78.248	auto_ammo 2
ttt_random_weapon	234.147797 2949.989502 -382.795044	1.819 4.929 -92.725	auto_ammo 2
ttt_random_weapon	102.948830 2725.963867 -382.792480	1.791 4.929 -92.791	auto_ammo 2
ttt_random_weapon	-134.229065 2284.252686 -382.792480	1.791 4.929 -92.791	auto_ammo 2
ttt_random_weapon	1201.306396 -654.940857 -158.810165	1.953 5.706 -92.566	auto_ammo 2
ttt_random_weapon	1285.441650 -548.941467 -158.814758	2.001 5.703 -92.465	auto_ammo 2
ttt_random_weapon	1198.380493 66.839050 -158.790039	1.739 5.716 -93.006	auto_ammo 2
ttt_random_weapon	680.526611 310.142090 -286.806854	1.952 4.926 -92.420	auto_ammo 2
ttt_random_weapon	678.380432 102.392731 -286.804413	1.925 4.924 -92.483	auto_ammo 2
ttt_random_weapon	626.661682 198.165359 -286.802094	1.899 4.927 -92.543	auto_ammo 2
ttt_random_weapon	-489.630310 171.641815 -478.763367	1.462 4.750 -93.544	auto_ammo 2
ttt_random_weapon	-1114.909058 -813.248352 -126.792709	1.793 4.774 -92.785	auto_ammo 2
ttt_random_weapon	-1221.671387 -741.955017 -126.795914	1.829 4.777 -92.702	auto_ammo 2
ttt_random_weapon	73.064781 -2683.957764 -350.791779	1.757 5.715 -92.967	auto_ammo 2
item_ammo_smg1_ttt	-750.000000 -213.000000 -479.654999	0.000 270.000 0.000
item_ammo_smg1_ttt	-693.000000 -212.000000 -478.654999	0.000 270.000 0.000
item_ammo_smg1_ttt	441.612000 -381.746002 -478.654999	0.000 0.000 0.000
item_ammo_smg1_ttt	465.692993 -383.394012 -478.654999	0.000 0.000 0.000
weapon_ttt_m16	558.275024 -676.140015 -371.592987	0.000 0.000 0.000
weapon_ttt_m16	1004.000000 508.355988 -379.316986	0.000 0.000 0.000
item_box_buckshot_ttt	-1353.000000 -1126.000000 -79.712997	0.000 112.500 0.000
item_box_buckshot_ttt	-1380.339966 -1126.000000 -79.712997	0.000 0.000 0.000
item_box_buckshot_ttt	-1401.000000 -1118.000000 -79.712997	0.000 81.000 0.000
item_box_buckshot_ttt	-339.003998 195.951004 -478.705994	0.000 0.000 0.000
item_box_buckshot_ttt	-321.722992 190.944000 -478.705994	0.000 0.000 0.000
item_box_buckshot_ttt	254.222000 -48.320000 -350.705994	0.000 0.000 0.000
item_box_buckshot_ttt	230.160995 -72.825996 -350.705994	0.000 0.000 0.000
item_box_buckshot_ttt	271.187988 -75.139999 -350.705994	0.000 0.000 0.000
item_box_buckshot_ttt	376.960999 -485.863007 -383.705994	0.000 0.000 0.000
item_box_buckshot_ttt	377.566010 -446.604004 -384.705994	0.000 0.000 0.000
item_box_buckshot_ttt	344.723999 -431.292999 -384.705994	0.000 0.000 0.000
item_box_buckshot_ttt	342.140991 -459.804993 -383.705994	0.000 0.000 0.000
item_box_buckshot_ttt	310.338013 -458.566986 -383.705994	0.000 0.000 0.000
item_box_buckshot_ttt	309.003998 -431.007996 -384.705994	0.000 0.000 0.000
item_box_buckshot_ttt	271.782013 -438.316010 -384.705994	0.000 0.000 0.000
item_box_buckshot_ttt	272.734009 -482.035004 -383.705994	0.000 0.000 0.000
weapon_zm_rifle	-1489.000000 -1122.000000 -77.042000	0.000 322.500 0.000
weapon_zm_rifle	-608.583984 2665.070068 197.565994	0.000 0.000 0.000
weapon_zm_rifle	246.496002 -673.000000 -374.317993	0.000 0.000 0.000
weapon_zm_rifle	-24.816299 1285.489990 473.682007	0.000 0.000 0.000
weapon_zm_rifle	-759.059021 -98.468002 439.958008	0.000 0.000 0.000
weapon_zm_rifle	-755.206970 -289.838989 439.958008	0.000 0.000 0.000
weapon_zm_rifle	525.578003 -2670.840088 -350.041992	0.000 0.000 0.000
weapon_zm_rifle	-204.835999 1569.209961 225.957993	0.000 0.000 0.000
weapon_zm_mac10	-732.000000 -213.000000 -474.528992	0.000 0.000 0.000
weapon_zm_mac10	405.279999 -378.040009 -474.528992	0.000 0.000 0.000
ttt_playerspawn	-1630.746094 -647.409851 -126.538910	-0.014 -0.000 0.014
ttt_playerspawn	1544.077271 -812.251465 -158.487030	-0.009 -0.000 0.009
ttt_playerspawn	-150.183472 1317.781006 465.526459	-0.030 -0.000 0.030
ttt_playerspawn	-32.364735 2437.618652 193.461090	-0.014 -0.000 0.014
ttt_playerspawn	1109.255371 4433.148926 1.465218	3.043 -137.295 0.013
ttt_playerspawn	1412.095093 2850.893555 -263.116638	9.352 12.134 -0.001
ttt_playerspawn	1539.643188 -146.648224 -158.472626	6.887 170.387 0.007
ttt_playerspawn	279.352478 -2694.667236 -351.452911	2.663 94.611 -0.005
ttt_playerspawn	316.611420 -1390.704590 -479.543152	1.477 177.943 0.013
ttt_playerspawn	-814.491577 12.361715 -255.573898	1.222 -171.686 -0.076
item_ammo_357_ttt	-1409.000000 -1134.000000 -79.733002	0.000 104.500 0.000
item_ammo_357_ttt	-1425.000000 -1134.000000 -79.733002	0.000 84.000 0.000
item_ammo_357_ttt	-1449.000000 -1118.000000 -79.733002	0.000 66.500 0.000
item_ammo_357_ttt	-598.000000 2642.000000 195.884003	0.000 0.000 0.000
item_ammo_357_ttt	236.000000 -704.572998 -376.000000	0.000 0.000 0.000
item_ammo_357_ttt	237.701996 -686.518982 -376.000000	0.000 0.000 0.000
item_ammo_357_ttt	-68.089401 1286.750000 472.000000	0.000 0.000 0.000
item_ammo_357_ttt	-49.277100 1287.290039 472.000000	0.000 0.000 0.000
item_ammo_357_ttt	-721.679016 -81.559998 438.276001	0.000 0.000 0.000
item_ammo_357_ttt	-941.908997 -81.000000 438.276001	0.000 0.000 0.000
item_ammo_357_ttt	-717.841980 -301.727997 438.276001	0.000 0.000 0.000
item_ammo_357_ttt	-946.000000 -298.806000 438.276001	0.000 0.000 0.000
item_ammo_357_ttt	501.117004 -2669.040039 -351.723999	0.000 0.000 0.000
item_ammo_357_ttt	482.304993 -2669.580078 -351.723999	0.000 0.000 0.000
item_ammo_357_ttt	-229.296997 1571.010010 224.276001	0.000 0.000 0.000
item_ammo_357_ttt	-248.108994 1570.469971 224.276001	0.000 0.000 0.000
item_ammo_pistol_ttt	533.281006 -674.723022 -375.996002	0.000 0.000 0.000
item_ammo_pistol_ttt	519.017029 -675.994019 -375.996002	0.000 0.000 0.000
item_ammo_pistol_ttt	1055.119995 457.653015 -383.720001	0.000 0.000 0.000
item_ammo_pistol_ttt	1086.430054 458.868011 -383.720001	0.000 0.000 0.000
weapon_ttt_confgrenade	-1219.880005 -1129.810059 -75.513000	0.000 0.000 0.000
weapon_ttt_confgrenade	-1425.170044 -1116.989990 -75.513000	0.000 0.000 0.000
weapon_ttt_confgrenade	1365.189941 2836.350098 -248.000000	0.000 0.000 0.000
weapon_ttt_confgrenade	-294.378998 1821.000000 263.095001	0.000 0.000 0.000
weapon_ttt_confgrenade	288.959015 -1659.589966 -475.335999	0.000 0.000 0.000
weapon_ttt_confgrenade	-501.674011 -639.000000 -475.335999	0.000 0.000 0.000
weapon_ttt_confgrenade	-502.445007 -1154.989990 -475.335999	0.000 0.000 0.000
weapon_ttt_confgrenade	1549.530029 -857.507019 -155.518005	0.000 0.000 0.000
weapon_ttt_confgrenade	129.552002 1535.260010 475.210999	0.000 0.000 0.000
item_ammo_revolver_ttt	-314.472992 64.848999 -479.723999	0.000 269.500 0.000
item_ammo_revolver_ttt	-363.000000 79.000000 -479.723999	0.000 269.500 0.000
item_ammo_revolver_ttt	-362.234985 56.953999 -479.723999	0.000 269.500 0.000
item_ammo_revolver_ttt	542.372009 83.683998 -238.723999	0.000 0.000 0.000
item_ammo_revolver_ttt	538.098022 50.902000 -238.723999	0.000 0.000 0.000
item_ammo_revolver_ttt	548.059021 356.713989 -239.723999	0.000 0.000 0.000
item_ammo_revolver_ttt	543.784973 323.932007 -239.723999	0.000 0.000 0.000
item_ammo_revolver_ttt	419.204010 -597.072021 -383.723999	0.000 0.000 0.000
item_ammo_revolver_ttt	397.161011 -615.590027 -383.723999	0.000 0.000 0.000
item_ammo_revolver_ttt	396.274994 -596.044006 -383.723999	0.000 0.000 0.000
item_ammo_revolver_ttt	241.147003 -600.812012 -383.723999	0.000 0.000 0.000
item_ammo_revolver_ttt	243.787003 -624.000000 -383.723999	0.000 0.000 0.000
item_ammo_revolver_ttt	222.044998 -598.981018 -383.723999	0.000 0.000 0.000
item_ammo_revolver_ttt	172.352005 -714.965027 -414.548004	0.000 0.000 0.000
item_ammo_revolver_ttt	180.662994 -762.656982 -414.548004	0.000 0.000 0.000
item_ammo_revolver_ttt	158.625000 -763.614014 -414.548004	0.000 0.000 0.000
item_ammo_revolver_ttt	-1020.460022 -826.700989 -191.723999	0.000 0.000 0.000
item_ammo_revolver_ttt	-1012.150024 -874.393005 -191.723999	0.000 0.000 0.000
item_ammo_revolver_ttt	-1034.189941 -875.349976 -191.723999	0.000 0.000 0.000
item_ammo_revolver_ttt	134.350998 1298.729980 -159.723999	0.000 90.000 0.000
item_ammo_revolver_ttt	182.042999 1307.040039 -159.723999	0.000 90.000 0.000
item_ammo_revolver_ttt	183.000000 1285.000000 -159.723999	0.000 90.000 0.000
item_ammo_revolver_ttt	-199.701996 1284.959961 -159.723999	0.000 90.000 0.000
item_ammo_revolver_ttt	-200.658997 1307.000000 -159.723999	0.000 90.000 0.000
item_ammo_revolver_ttt	-248.350998 1298.689941 -159.723999	0.000 90.000 0.000
weapon_zm_shotgun	-1187.449951 -1126.359985 -76.511002	0.000 0.000 0.000
weapon_zm_shotgun	-340.665009 210.468002 -476.510986	0.000 0.000 0.000
weapon_zm_shotgun	237.134995 -96.461998 -348.510986	0.000 0.000 0.000
weapon_zm_shotgun	369.721985 -459.703003 -382.510986	0.000 0.000 0.000
weapon_zm_shotgun	321.489014 -494.238007 -381.510986	0.000 0.000 0.000
weapon_zm_shotgun	263.296997 -460.523010 -382.510986	0.000 0.000 0.000
weapon_zm_revolver	-1133.000000 -1142.000000 -76.000000	0.000 24.500 91.500
weapon_zm_revolver	-1133.000000 -1126.000000 -76.000000	0.000 24.500 91.500
weapon_zm_revolver	-1133.000000 -1114.000000 -76.000000	0.000 24.500 91.500
weapon_zm_revolver	-335.148987 74.190002 -478.002014	0.000 269.500 0.000
weapon_zm_revolver	530.843018 112.064003 -237.001999	0.000 0.000 0.000
weapon_zm_revolver	536.531006 385.093994 -238.001999	0.000 0.000 0.000
weapon_zm_revolver	411.311005 -615.317017 -382.002014	0.000 0.000 0.000
weapon_zm_revolver	220.503006 -617.338989 -382.002014	0.000 0.000 0.000
weapon_zm_revolver	163.192001 -735.721985 -412.825012	0.000 0.000 0.000
weapon_zm_revolver	-1029.619995 -847.458008 -190.001007	0.000 0.000 0.000
weapon_zm_revolver	155.108002 1289.569946 -158.001007	0.000 90.000 0.000
weapon_zm_revolver	-227.593994 1289.530029 -158.001007	0.000 90.000 0.000
weapon_ttt_glock	-1089.000000 -1114.000000 -76.000000	0.000 24.500 91.500
weapon_ttt_glock	-1089.000000 -1130.000000 -76.000000	0.000 24.500 91.500
weapon_ttt_glock	-1085.000000 -1142.000000 -76.000000	10.000 0.000 1.500
weapon_zm_pistol	-1105.000000 -1142.000000 -76.000000	0.000 24.500 91.500
weapon_zm_pistol	-1109.000000 -1130.000000 -76.000000	0.000 24.500 91.500
weapon_zm_pistol	-1109.000000 -1114.000000 -76.000000	0.000 24.500 91.500