# Trouble in Terrorist Town weapon/ammo placement overrides
# For map: ttt_nuclear_power_v4_fix
# Exported by: Blockmaster2706
setting:	replacespawns 1
weapon_ttt_smokegrenade	-272.000000 -3326.000000 388.734985	0.000 0.000 0.000
weapon_ttt_smokegrenade	-270.000000 -3318.000000 388.734985	0.000 0.000 0.000
weapon_ttt_smokegrenade	250.000000 -3332.000000 388.734985	0.000 0.000 0.000
weapon_ttt_smokegrenade	252.000000 -3324.000000 388.734985	0.000 0.000 0.000
weapon_ttt_smokegrenade	640.000000 -2470.000000 388.734985	0.000 0.000 0.000
weapon_ttt_smokegrenade	640.000000 -2476.000000 388.734985	0.000 0.000 0.000
weapon_ttt_smokegrenade	646.000000 -2476.000000 388.734985	0.000 0.000 0.000
weapon_ttt_smokegrenade	646.000000 -2470.000000 388.734985	0.000 0.000 0.000
weapon_ttt_smokegrenade	2399.229980 -1352.560059 -115.264999	0.000 270.000 0.000
weapon_ttt_smokegrenade	2405.229980 -1352.560059 -115.264999	0.000 270.000 0.000
weapon_ttt_smokegrenade	2405.229980 -1346.560059 -115.264999	0.000 270.000 0.000
weapon_ttt_smokegrenade	2399.229980 -1346.560059 -115.264999	0.000 270.000 0.000
weapon_ttt_smokegrenade	-2464.000000 -612.000000 -299.265015	0.000 0.000 0.000
weapon_ttt_smokegrenade	-2470.000000 -612.000000 -299.265015	0.000 0.000 0.000
weapon_ttt_smokegrenade	-996.000000 448.000000 4.735110	0.000 0.000 0.000
weapon_ttt_smokegrenade	-996.000000 442.000000 4.735110	0.000 0.000 0.000
weapon_ttt_smokegrenade	46.444099 719.476013 4.735110	0.000 0.000 0.000
weapon_ttt_smokegrenade	46.444099 713.476013 4.735110	0.000 0.000 0.000
weapon_ttt_smokegrenade	608.000000 278.000000 1052.739990	0.000 90.000 0.000
weapon_ttt_smokegrenade	-50.000000 914.000000 1158.739990	0.000 0.000 0.000
weapon_ttt_smokegrenade	-50.000000 920.000000 1158.739990	0.000 0.000 0.000
weapon_ttt_smokegrenade	-56.000000 920.000000 1158.739990	0.000 0.000 0.000
weapon_ttt_smokegrenade	-56.000000 914.000000 1158.739990	0.000 0.000 0.000
ttt_random_weapon	-480.884369 -3083.692139 385.201599	1.857 4.928 -92.638	auto_ammo 2
ttt_random_weapon	-473.207703 -2981.873535 385.206268	1.805 4.928 -92.758	auto_ammo 2
ttt_random_weapon	-462.324524 -2894.283447 385.225250	1.590 4.919 -93.250	auto_ammo 2
ttt_random_weapon	-470.774323 -2766.502197 385.206268	1.805 4.928 -92.758	auto_ammo 2
ttt_random_weapon	-373.060089 -2794.340820 385.228149	1.557 4.916 -93.325	auto_ammo 2
ttt_random_weapon	-352.097565 -2874.228760 385.204987	1.819 4.928 -92.725	auto_ammo 2
ttt_random_weapon	-352.244507 -2964.166992 385.205627	1.812 4.928 -92.742	auto_ammo 2
ttt_random_weapon	-365.583252 -3051.875977 385.218994	1.661 4.923 -93.088	auto_ammo 2
ttt_random_weapon	1068.400024 -2181.039795 385.224457	1.599 4.689 -93.229	auto_ammo 2
ttt_random_weapon	1135.829834 -2226.068848 385.217987	1.673 4.698 -93.061	auto_ammo 2
ttt_random_weapon	1086.357178 -2299.709473 385.228943	1.548 4.682 -93.345	auto_ammo 2
ttt_random_weapon	635.721069 -1700.468750 385.200653	1.868 4.716 -92.614	auto_ammo 2
ttt_random_weapon	584.874084 -1774.235596 385.204773	1.821 4.712 -92.720	auto_ammo 2
ttt_random_weapon	627.386780 -1946.640625 385.196930	1.910 4.718 -92.517	auto_ammo 2
ttt_random_weapon	133.345490 710.035156 1.184136	2.054 4.292 -92.188	auto_ammo 2
ttt_random_weapon	874.401672 387.787506 1.208531	1.779 4.709 -92.817	auto_ammo 2
ttt_random_weapon	723.661072 384.517181 1.236092	1.467 4.670 -93.531	auto_ammo 2
ttt_random_weapon	-208.928070 500.837067 1155.211426	1.747 4.705 -92.891	auto_ammo 2
ttt_random_weapon	-204.030319 450.992676 1155.180664	1.977 4.384 -92.232	auto_ammo 2
ttt_random_weapon	-197.429443 231.026245 1040.716064	1.694 4.700 -93.012	auto_ammo 2
ttt_random_weapon	190.144440 236.621109 1040.713501	1.722 4.703 -92.947	auto_ammo 2
ttt_random_weapon	305.165588 260.990845 1040.706665	1.800 4.710 -92.769	auto_ammo 2
ttt_random_weapon	-174.766464 -202.023468 1040.722534	1.621 4.691 -93.180	auto_ammo 2
ttt_random_weapon	-96.931190 -201.661179 1040.719238	1.658 4.696 -93.095	auto_ammo 2
item_ammo_smg1_ttt	1041.000000 -2763.000000 418.000000	0.000 0.000 0.000
item_ammo_smg1_ttt	1056.000000 -2764.000000 418.000000	0.000 0.000 0.000
item_ammo_smg1_ttt	105.000000 -10.000000 -446.654999	0.000 0.000 0.000
item_ammo_smg1_ttt	105.000000 10.000000 -446.654999	0.000 0.000 0.000
item_ammo_smg1_ttt	105.000000 -1.000000 -431.000000	0.000 0.000 0.000
item_ammo_smg1_ttt	301.000000 -2612.000000 444.450012	0.000 0.000 0.000
item_ammo_smg1_ttt	286.000000 -2611.000000 444.450012	0.000 0.000 0.000
item_ammo_smg1_ttt	-138.000000 -804.000000 1.344720	0.000 0.000 0.000
item_ammo_smg1_ttt	-138.000000 -782.000000 1.344720	0.000 0.000 0.000
item_ammo_smg1_ttt	-2411.000000 -489.000000 -298.528992	0.000 0.000 0.000
item_ammo_smg1_ttt	-2394.000000 -489.000000 -298.528992	0.000 0.000 0.000
item_ammo_smg1_ttt	-2394.000000 -514.000000 -298.528992	0.000 0.000 0.000
item_ammo_smg1_ttt	-2411.000000 -514.000000 -298.528992	0.000 0.000 0.000
item_ammo_smg1_ttt	723.000000 -1727.000000 385.345001	0.000 0.000 0.000
item_ammo_smg1_ttt	698.000000 -1729.000000 385.345001	0.000 0.000 0.000
item_ammo_smg1_ttt	626.000000 -2562.000000 385.345001	0.000 0.000 0.000
item_ammo_smg1_ttt	640.000000 -2562.000000 385.345001	0.000 0.000 0.000
item_ammo_smg1_ttt	654.000000 -2562.000000 385.345001	0.000 0.000 0.000
item_ammo_smg1_ttt	668.000000 -2562.000000 385.345001	0.000 0.000 0.000
item_ammo_smg1_ttt	908.000000 412.000000 1049.339966	0.000 0.000 0.000
item_ammo_smg1_ttt	880.000000 412.000000 1049.339966	0.000 0.000 0.000
item_ammo_smg1_ttt	-239.000000 687.000000 1155.339966	0.000 0.000 0.000
item_ammo_smg1_ttt	-239.285004 662.820007 1155.339966	0.000 0.000 0.000
item_ammo_smg1_ttt	-218.000000 663.000000 1155.339966	0.000 0.000 0.000
item_ammo_smg1_ttt	-217.000000 687.000000 1155.339966	0.000 0.000 0.000
item_ammo_smg1_ttt	-203.947006 -3866.639893 384.345001	0.000 0.000 0.000
item_ammo_smg1_ttt	-188.947006 -3867.639893 384.345001	0.000 0.000 0.000
item_ammo_smg1_ttt	-124.000000 -804.000000 1.344720	0.000 0.000 0.000
item_ammo_smg1_ttt	-124.000000 -782.000000 1.344720	0.000 0.000 0.000
item_ammo_smg1_ttt	-216.242996 358.458008 1043.869995	0.000 21.000 0.000
item_ammo_smg1_ttt	-190.102997 368.493011 1043.869995	0.000 21.000 0.000
item_ammo_smg1_ttt	-1894.000000 137.000000 1048.339966	0.000 270.000 0.000
item_ammo_smg1_ttt	-1870.000000 136.000000 1048.339966	0.000 270.000 0.000
item_ammo_smg1_ttt	-393.000000 -2004.000000 396.000000	0.000 0.000 0.000
item_ammo_smg1_ttt	-408.000000 -2003.000000 396.000000	0.000 0.000 0.000
item_ammo_smg1_ttt	-421.000000 -2005.000000 396.000000	0.000 0.000 0.000
item_ammo_smg1_ttt	-436.000000 -2004.000000 396.000000	0.000 0.000 0.000
item_ammo_smg1_ttt	-587.000000 -1977.000000 396.000000	0.000 0.000 0.000
item_ammo_smg1_ttt	-602.000000 -1976.000000 396.000000	0.000 0.000 0.000
item_ammo_smg1_ttt	-574.000000 -1975.000000 396.000000	0.000 0.000 0.000
item_ammo_smg1_ttt	-559.000000 -1976.000000 396.000000	0.000 0.000 0.000
item_ammo_smg1_ttt	-104.000000 8.000000 -446.654999	0.000 180.000 0.000
item_ammo_smg1_ttt	-104.000000 -2.000000 -431.000000	0.000 180.000 0.000
item_ammo_smg1_ttt	-104.000000 -12.000000 -446.654999	0.000 180.000 0.000
weapon_ttt_m16	-548.000000 -2153.000000 426.683014	0.000 253.000 0.000
weapon_ttt_m16	-558.000000 -2153.000000 426.683014	0.000 253.000 0.000
weapon_ttt_m16	-569.000000 -2153.000000 426.683014	0.000 253.000 0.000
weapon_ttt_m16	-579.000000 -2154.000000 426.683014	0.000 253.000 0.000
weapon_ttt_m16	-591.000000 -2154.000000 426.683014	0.000 253.000 0.000
weapon_ttt_m16	-601.000000 -2155.000000 426.683014	0.000 253.000 0.000
weapon_ttt_m16	-611.000000 -2156.000000 426.683014	0.000 253.000 0.000
weapon_ttt_m16	-621.000000 -2156.000000 426.683014	0.000 253.000 0.000
weapon_ttt_m16	-43.013599 132.341003 -442.316986	0.000 0.000 0.000
weapon_ttt_m16	18.176100 134.274002 -442.316986	0.000 0.000 0.000
weapon_ttt_m16	166.570007 -1455.599976 5.682850	0.000 0.000 0.000
weapon_ttt_m16	-2565.860107 -590.692017 -298.316986	0.000 0.000 0.000
weapon_ttt_m16	-2549.979980 -613.064026 -298.316986	0.000 0.000 0.000
weapon_ttt_m16	787.000000 -1922.000000 389.683014	0.000 0.000 0.000
weapon_ttt_m16	784.690002 -1950.760010 389.683014	0.000 0.000 0.000
weapon_ttt_m16	1150.000000 -1857.000000 389.683014	0.000 180.000 0.000
weapon_ttt_m16	1152.310059 -1828.239990 389.683014	0.000 180.000 0.000
weapon_ttt_m16	1083.130005 -523.349976 1102.550049	0.000 180.000 0.000
weapon_ttt_m16	-1600.000000 268.000000 1053.680054	0.000 0.000 0.000
weapon_ttt_m16	-44.000000 581.000000 1159.680054	0.000 0.000 0.000
weapon_ttt_m16	-43.000000 567.000000 1159.680054	0.000 0.000 0.000
weapon_ttt_m16	-651.606995 -3471.820068 389.683014	0.000 0.000 0.000
weapon_ttt_m16	635.606995 -3471.820068 389.683014	0.000 180.000 0.000
weapon_ttt_m16	-828.000000 166.000000 4.682850	0.000 0.000 0.000
weapon_ttt_m16	-830.000000 182.000000 4.682850	0.000 0.000 0.000
weapon_ttt_m16	-2748.000000 -198.000000 -267.118011	0.000 90.000 0.000
weapon_ttt_m16	1124.839966 -2538.129883 424.683014	0.000 333.500 0.000
weapon_ttt_m16	1384.000000 -716.000000 1049.219971	0.000 200.500 0.000
weapon_ttt_m16	-1334.000000 -132.000000 1052.680054	0.000 0.000 0.000
weapon_ttt_m16	11.441700 223.968002 1077.109985	0.000 0.000 0.000
weapon_ttt_m16	87.007698 191.863007 1044.680054	0.000 0.000 0.000
weapon_ttt_m16	-15.698500 -133.934006 -442.316986	0.000 180.000 0.000
weapon_ttt_m16	45.491199 -132.001007 -442.316986	0.000 180.000 0.000
item_box_buckshot_ttt	-508.000000 -2617.000000 391.489014	0.000 0.000 0.000
item_box_buckshot_ttt	-484.000000 -2616.000000 391.489014	0.000 0.000 0.000
item_box_buckshot_ttt	-484.000000 -2638.000000 391.489014	0.000 0.000 0.000
item_box_buckshot_ttt	-508.000000 -2639.000000 391.489014	0.000 0.000 0.000
item_box_buckshot_ttt	199.000000 -1538.000000 1.293880	0.000 0.000 0.000
item_box_buckshot_ttt	185.000000 -1536.000000 1.293880	0.000 0.000 0.000
item_box_buckshot_ttt	199.000000 -1556.000000 1.293880	0.000 0.000 0.000
item_box_buckshot_ttt	-755.124023 405.572998 1.293880	0.000 0.000 0.000
item_box_buckshot_ttt	-741.463013 407.123993 1.293880	0.000 0.000 0.000
item_box_buckshot_ttt	-1709.130005 687.200989 -432.705994	0.000 0.000 0.000
item_box_buckshot_ttt	-1649.359985 625.206970 -432.705994	0.000 0.000 0.000
item_box_buckshot_ttt	-1519.770020 577.450012 -432.705994	0.000 0.000 0.000
item_box_buckshot_ttt	-1543.579956 612.661987 -432.705994	0.000 0.000 0.000
item_box_buckshot_ttt	2172.000000 111.000000 -302.705994	0.000 270.000 0.000
item_box_buckshot_ttt	2155.000000 111.000000 -302.705994	0.000 270.000 0.000
item_box_buckshot_ttt	2139.000000 111.000000 -302.705994	0.000 270.000 0.000
item_box_buckshot_ttt	2139.000000 125.000000 -302.705994	0.000 270.000 0.000
item_box_buckshot_ttt	2155.000000 125.000000 -302.705994	0.000 270.000 0.000
item_box_buckshot_ttt	2172.000000 125.000000 -302.705994	0.000 270.000 0.000
item_box_buckshot_ttt	2187.000000 125.000000 -302.705994	0.000 270.000 0.000
item_box_buckshot_ttt	2187.000000 111.000000 -302.705994	0.000 270.000 0.000
item_box_buckshot_ttt	818.000000 -1753.000000 385.294006	0.000 0.000 0.000
item_box_buckshot_ttt	818.000000 -1765.000000 385.294006	0.000 0.000 0.000
item_box_buckshot_ttt	818.000000 -1779.000000 385.294006	0.000 0.000 0.000
item_box_buckshot_ttt	818.000000 -1793.000000 385.294006	0.000 0.000 0.000
item_box_buckshot_ttt	807.000000 -1793.000000 385.294006	0.000 0.000 0.000
item_box_buckshot_ttt	807.000000 -1779.000000 385.294006	0.000 0.000 0.000
item_box_buckshot_ttt	807.000000 -1753.000000 385.294006	0.000 0.000 0.000
item_box_buckshot_ttt	807.000000 -1765.000000 385.294006	0.000 0.000 0.000
item_box_buckshot_ttt	696.000000 -2566.000000 385.294006	0.000 0.000 0.000
item_box_buckshot_ttt	705.794983 -2566.510010 385.294006	0.000 0.000 0.000
item_box_buckshot_ttt	718.068970 -2566.580078 385.294006	0.000 0.000 0.000
item_box_buckshot_ttt	709.000000 -2553.000000 385.294006	0.000 0.000 0.000
item_box_buckshot_ttt	723.000000 -2554.000000 385.294006	0.000 0.000 0.000
item_box_buckshot_ttt	732.000000 -2566.000000 385.294006	0.000 0.000 0.000
item_box_buckshot_ttt	698.000000 -2553.000000 385.294006	0.000 0.000 0.000
item_box_buckshot_ttt	900.804016 -530.780029 1049.290039	0.000 270.000 0.000
item_box_buckshot_ttt	886.226013 -531.840027 1049.290039	0.000 270.000 0.000
item_box_buckshot_ttt	874.000000 -532.000000 1049.290039	0.000 270.000 0.000
item_box_buckshot_ttt	-242.000000 541.000000 1155.290039	0.000 0.000 0.000
item_box_buckshot_ttt	-242.000000 556.000000 1155.290039	0.000 0.000 0.000
item_box_buckshot_ttt	-229.000000 556.000000 1155.290039	0.000 0.000 0.000
item_box_buckshot_ttt	-229.000000 541.000000 1155.290039	0.000 0.000 0.000
item_box_buckshot_ttt	-229.000000 570.000000 1155.290039	0.000 0.000 0.000
item_box_buckshot_ttt	-242.000000 570.000000 1155.290039	0.000 0.000 0.000
item_box_buckshot_ttt	462.000000 -2882.000000 424.294006	0.000 0.000 0.000
item_box_buckshot_ttt	734.653015 -32.841099 0.293884	0.000 0.000 0.000
item_box_buckshot_ttt	735.325989 -50.576698 0.293884	0.000 0.000 0.000
item_box_buckshot_ttt	721.062012 -31.399700 0.293884	0.000 0.000 0.000
item_box_buckshot_ttt	722.158020 -48.476601 0.293884	0.000 0.000 0.000
item_box_buckshot_ttt	-2751.439941 164.360992 -303.705994	0.000 0.000 0.000
item_box_buckshot_ttt	-2758.219971 183.792999 -303.705994	0.000 0.000 0.000
item_box_buckshot_ttt	-2751.199951 203.634003 -303.705994	0.000 0.000 0.000
item_box_buckshot_ttt	-2751.229980 146.024002 -303.705994	0.000 0.000 0.000
item_box_buckshot_ttt	201.776993 -1997.569946 384.294006	0.000 0.000 0.000
item_box_buckshot_ttt	201.690994 -1980.359985 384.294006	0.000 0.000 0.000
item_box_buckshot_ttt	-37.642601 -265.635010 1072.719971	0.000 90.000 0.000
item_box_buckshot_ttt	-23.642599 -265.635010 1072.719971	0.000 90.000 0.000
item_box_buckshot_ttt	1011.059998 -3234.000000 416.294006	0.000 0.000 0.000
item_box_buckshot_ttt	1019.000000 -3233.929932 416.294006	0.000 0.000 0.000
item_box_buckshot_ttt	-393.000000 -1982.000000 418.000000	0.000 0.000 0.000
item_box_buckshot_ttt	-437.992004 -1969.989990 418.000000	0.000 180.000 0.000
item_box_buckshot_ttt	-428.992004 -1969.989990 418.000000	0.000 180.000 0.000
item_box_buckshot_ttt	-402.000000 -1982.000000 418.000000	0.000 0.000 0.000
item_box_buckshot_ttt	-419.992004 -1969.989990 418.000000	0.000 180.000 0.000
item_box_buckshot_ttt	-411.000000 -1982.000000 418.000000	0.000 0.000 0.000
item_box_buckshot_ttt	-410.992004 -1969.989990 418.000000	0.000 180.000 0.000
item_box_buckshot_ttt	-420.000000 -1982.000000 418.000000	0.000 0.000 0.000
item_box_buckshot_ttt	-401.992004 -1969.989990 418.000000	0.000 180.000 0.000
item_box_buckshot_ttt	-429.000000 -1982.000000 418.000000	0.000 0.000 0.000
item_box_buckshot_ttt	-392.992004 -1969.989990 418.000000	0.000 180.000 0.000
item_box_buckshot_ttt	-438.000000 -1982.000000 418.000000	0.000 0.000 0.000
item_box_buckshot_ttt	-558.000000 -1998.000000 418.000000	0.000 180.000 0.000
item_box_buckshot_ttt	-558.007996 -2010.010010 418.000000	0.000 0.000 0.000
item_box_buckshot_ttt	-567.007996 -2010.010010 418.000000	0.000 0.000 0.000
item_box_buckshot_ttt	-567.000000 -1998.000000 418.000000	0.000 180.000 0.000
item_box_buckshot_ttt	-576.000000 -1998.000000 418.000000	0.000 180.000 0.000
item_box_buckshot_ttt	-576.007996 -2010.010010 418.000000	0.000 0.000 0.000
weapon_zm_rifle	-431.000000 -2147.000000 424.958008	0.000 245.000 0.000
weapon_zm_rifle	-421.000000 -2146.000000 424.958008	0.000 245.000 0.000
weapon_zm_rifle	-410.000000 -2145.000000 424.958008	0.000 245.000 0.000
weapon_zm_rifle	-400.000000 -2145.000000 424.958008	0.000 245.000 0.000
weapon_zm_rifle	-390.000000 -2146.000000 424.958008	0.000 245.000 0.000
weapon_zm_rifle	-379.000000 -2146.000000 424.958008	0.000 245.000 0.000
weapon_zm_rifle	-33.661301 158.339996 -445.041992	0.000 0.000 0.000
weapon_zm_rifle	-1932.000000 -115.223999 -301.041992	0.000 0.000 0.000
weapon_zm_rifle	-1490.000000 170.000000 -301.041992	0.000 0.000 0.000
weapon_zm_rifle	1633.000000 176.000000 -301.041992	0.000 0.000 0.000
weapon_zm_rifle	-1648.000000 -292.000000 1050.959961	0.000 0.000 0.000
weapon_zm_rifle	-50.000000 460.000000 1156.959961	0.000 0.000 0.000
weapon_zm_rifle	-48.000000 471.000000 1156.959961	0.000 0.000 0.000
weapon_zm_rifle	36.138901 -158.000000 -445.041992	0.000 180.000 0.000
weapon_zm_mac10	-627.000000 -1851.000000 426.471008	0.000 73.500 0.000
weapon_zm_mac10	-614.000000 -1852.000000 426.471008	0.000 73.500 0.000
weapon_zm_mac10	-602.000000 -1852.000000 426.471008	0.000 73.500 0.000
weapon_zm_mac10	-590.000000 -1852.000000 426.471008	0.000 73.500 0.000
weapon_zm_mac10	-579.000000 -1852.000000 426.471008	0.000 73.500 0.000
weapon_zm_mac10	-568.000000 -1852.000000 426.471008	0.000 73.500 0.000
weapon_zm_mac10	-555.000000 -1851.000000 426.471008	0.000 73.500 0.000
weapon_zm_mac10	-543.000000 -1852.000000 426.471008	0.000 73.500 0.000
weapon_zm_mac10	1042.000000 -2796.000000 422.000000	0.000 0.000 0.000
weapon_zm_mac10	76.477600 121.000000 -442.528992	0.000 0.000 0.000
weapon_zm_mac10	70.477600 135.000000 -442.528992	0.000 0.000 0.000
weapon_zm_mac10	330.000000 -2612.000000 444.450012	0.000 0.000 0.000
weapon_zm_mac10	-141.000000 -825.000000 5.471190	0.000 0.000 0.000
weapon_zm_mac10	-2421.399902 -450.860992 -298.528992	0.000 0.000 0.000
weapon_zm_mac10	-2420.000000 -466.000000 -298.528992	0.000 0.000 0.000
weapon_zm_mac10	715.000000 -1705.000000 389.471008	0.000 0.000 0.000
weapon_zm_mac10	690.000000 -1703.819946 389.471008	0.000 0.000 0.000
weapon_zm_mac10	886.000000 392.000000 1053.469971	0.000 0.000 0.000
weapon_zm_mac10	-201.000000 687.000000 1159.469971	0.000 0.000 0.000
weapon_zm_mac10	-201.000000 663.000000 1159.469971	0.000 0.000 0.000
weapon_zm_mac10	-247.460999 -3843.489990 388.471008	0.000 0.000 0.000
weapon_zm_mac10	-140.000000 -840.000000 5.471190	0.000 0.000 0.000
weapon_zm_mac10	-203.473999 341.937012 1048.000000	0.000 21.000 0.000
weapon_zm_mac10	-1882.000000 124.000000 1052.469971	0.000 270.000 0.000
weapon_zm_mac10	-68.000000 -134.660004 -442.528992	0.000 180.000 0.000
weapon_zm_mac10	-74.000000 -120.660004 -442.528992	0.000 180.000 0.000
ttt_playerspawn	80.288757 -3432.395020 384.550690	0.070 -0.000 -0.070
ttt_playerspawn	-24.537460 -3427.694580 384.560669	0.056 -0.000 -0.056
ttt_playerspawn	-133.296921 -3424.956543 384.581146	0.026 -0.000 -0.027
ttt_playerspawn	-142.128174 -3336.302734 384.569061	0.044 -0.000 -0.044
ttt_playerspawn	-52.441956 -3342.695068 384.554260	0.065 -0.000 -0.065
ttt_playerspawn	37.019169 -3341.210693 384.565125	0.049 -0.000 -0.049
ttt_playerspawn	140.724976 -3346.968994 384.558838	0.058 -0.000 -0.058
ttt_playerspawn	-1.244416 -3266.683838 384.582245	0.025 -0.000 -0.025
ttt_playerspawn	91.286118 -3256.764648 384.558838	0.058 -0.000 -0.058
ttt_playerspawn	-99.538559 -3268.946045 384.579681	0.029 -0.000 -0.029
item_ammo_357_ttt	-1900.949951 -140.727005 -302.723999	0.000 0.000 0.000
item_ammo_357_ttt	-1899.150024 -164.000000 -302.723999	0.000 0.000 0.000
item_ammo_357_ttt	-1915.479980 -160.153000 -302.723999	0.000 0.000 0.000
item_ammo_357_ttt	-1470.000000 190.000000 -302.723999	0.000 0.000 0.000
item_ammo_357_ttt	-1481.000000 190.000000 -302.723999	0.000 0.000 0.000
item_ammo_357_ttt	-1494.000000 189.000000 -302.723999	0.000 0.000 0.000
item_ammo_357_ttt	1653.000000 196.000000 -302.723999	0.000 0.000 0.000
item_ammo_357_ttt	1642.000000 196.000000 -302.723999	0.000 0.000 0.000
item_ammo_357_ttt	1629.000000 195.000000 -302.723999	0.000 0.000 0.000
item_ammo_357_ttt	808.333984 -2478.679932 385.276001	0.000 0.000 0.000
item_ammo_357_ttt	809.578003 -2496.649902 385.276001	0.000 0.000 0.000
item_ammo_357_ttt	801.317993 -2509.530029 385.276001	0.000 0.000 0.000
item_ammo_357_ttt	792.434998 -2493.020020 385.276001	0.000 0.000 0.000
item_ammo_357_ttt	790.171997 -2475.060059 385.276001	0.000 0.000 0.000
item_ammo_357_ttt	822.080994 -2480.899902 385.276001	0.000 0.000 0.000
item_ammo_357_ttt	-1658.469971 -303.449005 1049.280029	0.000 0.000 0.000
item_ammo_357_ttt	-1672.000000 -304.000000 1049.280029	0.000 0.000 0.000
item_ammo_357_ttt	-15.000000 484.000000 1155.280029	0.000 0.000 0.000
item_ammo_357_ttt	-15.000000 498.000000 1155.280029	0.000 0.000 0.000
item_ammo_357_ttt	-15.000000 512.000000 1155.280029	0.000 0.000 0.000
item_ammo_357_ttt	-25.000000 510.000000 1155.280029	0.000 0.000 0.000
item_ammo_357_ttt	-25.000000 496.000000 1155.280029	0.000 0.000 0.000
item_ammo_357_ttt	-25.000000 482.000000 1155.280029	0.000 0.000 0.000
item_ammo_pistol_ttt	48.000000 97.000000 -446.720001	0.000 0.000 0.000
item_ammo_pistol_ttt	39.000000 101.000000 -446.720001	0.000 0.000 0.000
item_ammo_pistol_ttt	31.000000 104.000000 -446.720001	0.000 0.000 0.000
item_ammo_pistol_ttt	23.000000 106.000000 -446.720001	0.000 0.000 0.000
item_ammo_pistol_ttt	14.000000 108.000000 -446.720001	0.000 0.000 0.000
item_ammo_pistol_ttt	5.000000 109.000000 -446.720001	0.000 0.000 0.000
item_ammo_pistol_ttt	73.711304 -3640.540039 385.279999	0.000 0.000 0.000
item_ammo_pistol_ttt	62.000000 -3640.000000 385.279999	0.000 0.000 0.000
item_ammo_pistol_ttt	61.000000 -3663.000000 385.279999	0.000 0.000 0.000
item_ammo_pistol_ttt	74.000000 -3663.000000 385.279999	0.000 0.000 0.000
item_ammo_pistol_ttt	-89.000000 -3665.000000 385.279999	0.000 0.000 0.000
item_ammo_pistol_ttt	-88.000000 -3642.000000 385.279999	0.000 0.000 0.000
item_ammo_pistol_ttt	-76.288696 -3642.540039 385.279999	0.000 0.000 0.000
item_ammo_pistol_ttt	-76.000000 -3665.000000 385.279999	0.000 0.000 0.000
item_ammo_pistol_ttt	404.890991 -2611.860107 385.279999	0.000 0.000 0.000
item_ammo_pistol_ttt	416.467987 -2611.110107 385.279999	0.000 0.000 0.000
item_ammo_pistol_ttt	190.957993 -1411.859985 1.280140	0.000 0.000 0.000
item_ammo_pistol_ttt	193.917007 -1439.729980 1.280140	0.000 0.000 0.000
item_ammo_pistol_ttt	174.712997 -1416.530029 1.280140	0.000 0.000 0.000
item_ammo_pistol_ttt	-2595.479980 -611.572998 -302.720001	0.000 0.000 0.000
item_ammo_pistol_ttt	-2606.000000 -612.000000 -302.720001	0.000 0.000 0.000
item_ammo_pistol_ttt	-2618.000000 -612.000000 -302.720001	0.000 0.000 0.000
item_ammo_pistol_ttt	-2630.000000 -612.000000 -302.720001	0.000 0.000 0.000
item_ammo_pistol_ttt	-2641.000000 -612.000000 -302.720001	0.000 0.000 0.000
item_ammo_pistol_ttt	-2652.000000 -612.000000 -302.720001	0.000 0.000 0.000
item_ammo_pistol_ttt	-2663.000000 -612.000000 -302.720001	0.000 0.000 0.000
item_ammo_pistol_ttt	-2674.000000 -612.000000 -302.720001	0.000 0.000 0.000
item_ammo_pistol_ttt	2210.000000 -1176.000000 -118.720001	0.000 0.000 0.000
item_ammo_pistol_ttt	2198.000000 -1176.000000 -118.720001	0.000 0.000 0.000
item_ammo_pistol_ttt	754.000000 -1921.000000 385.279999	0.000 90.000 0.000
item_ammo_pistol_ttt	754.000000 -1933.000000 385.279999	0.000 90.000 0.000
item_ammo_pistol_ttt	753.000000 -1946.000000 385.279999	0.000 90.000 0.000
item_ammo_pistol_ttt	753.000000 -1959.000000 385.279999	0.000 90.000 0.000
item_ammo_pistol_ttt	590.000000 -2564.000000 385.279999	0.000 90.000 0.000
item_ammo_pistol_ttt	597.000000 -2551.000000 385.279999	0.000 90.000 0.000
item_ammo_pistol_ttt	590.000000 -2537.000000 385.279999	0.000 90.000 0.000
item_ammo_pistol_ttt	590.000000 -2508.000000 385.279999	0.000 270.000 0.000
item_ammo_pistol_ttt	597.000000 -2495.000000 385.279999	0.000 270.000 0.000
item_ammo_pistol_ttt	597.000000 -2522.000000 385.279999	0.000 270.000 0.000
item_ammo_pistol_ttt	590.000000 -2481.000000 385.279999	0.000 270.000 0.000
item_ammo_pistol_ttt	1184.000000 -1820.000000 385.279999	0.000 270.000 0.000
item_ammo_pistol_ttt	1184.000000 -1833.000000 385.279999	0.000 270.000 0.000
item_ammo_pistol_ttt	1183.000000 -1846.000000 385.279999	0.000 270.000 0.000
item_ammo_pistol_ttt	1183.000000 -1858.000000 385.279999	0.000 270.000 0.000
item_ammo_pistol_ttt	1088.000000 -526.599976 1049.280029	0.000 270.000 0.000
item_ammo_pistol_ttt	1063.920044 -530.000000 1049.280029	0.000 270.000 0.000
item_ammo_pistol_ttt	-608.000000 -240.000000 1049.280029	0.000 0.000 0.000
item_ammo_pistol_ttt	-619.000000 -240.000000 1049.280029	0.000 0.000 0.000
item_ammo_pistol_ttt	-630.000000 -240.000000 1049.280029	0.000 0.000 0.000
item_ammo_pistol_ttt	-641.000000 -240.000000 1049.280029	0.000 0.000 0.000
item_ammo_pistol_ttt	-1639.660034 306.563995 1049.280029	0.000 0.000 0.000
item_ammo_pistol_ttt	-1622.599976 307.217987 1049.280029	0.000 0.000 0.000
item_ammo_pistol_ttt	-1601.069946 307.740997 1049.280029	0.000 0.000 0.000
item_ammo_pistol_ttt	-18.000000 552.000000 1155.280029	0.000 0.000 0.000
item_ammo_pistol_ttt	-27.000000 552.000000 1155.280029	0.000 0.000 0.000
item_ammo_pistol_ttt	-18.000000 531.000000 1155.280029	0.000 0.000 0.000
item_ammo_pistol_ttt	-27.000000 531.000000 1155.280029	0.000 0.000 0.000
item_ammo_pistol_ttt	-654.088989 -3455.570068 385.279999	0.000 0.000 0.000
item_ammo_pistol_ttt	-644.000000 -3455.000000 385.279999	0.000 0.000 0.000
item_ammo_pistol_ttt	638.088989 -3455.570068 385.279999	0.000 180.000 0.000
item_ammo_pistol_ttt	628.000000 -3455.000000 385.279999	0.000 180.000 0.000
item_ammo_pistol_ttt	144.873001 -1742.170044 0.280151	0.000 0.000 0.000
item_ammo_pistol_ttt	145.248001 -1765.890015 0.280151	0.000 0.000 0.000
item_ammo_pistol_ttt	132.828995 -1741.050049 0.280151	0.000 0.000 0.000
item_ammo_pistol_ttt	134.240997 -1765.199951 0.280151	0.000 0.000 0.000
item_ammo_pistol_ttt	-876.000000 172.000000 0.280140	0.000 0.000 0.000
item_ammo_pistol_ttt	-856.000000 172.000000 0.280140	0.000 0.000 0.000
item_ammo_pistol_ttt	-866.000000 172.000000 0.280140	0.000 0.000 0.000
item_ammo_pistol_ttt	-886.000000 172.000000 0.280140	0.000 0.000 0.000
item_ammo_pistol_ttt	-2753.840088 -187.367996 -303.720001	0.000 0.000 0.000
item_ammo_pistol_ttt	-2743.320068 -186.940994 -303.720001	0.000 0.000 0.000
item_ammo_pistol_ttt	2210.000000 -1154.000000 -118.720001	0.000 0.000 0.000
item_ammo_pistol_ttt	2198.000000 -1154.000000 -118.720001	0.000 0.000 0.000
item_ammo_pistol_ttt	-200.000000 -4089.000000 385.279999	0.000 0.000 0.000
item_ammo_pistol_ttt	-187.000000 -4089.000000 385.279999	0.000 0.000 0.000
item_ammo_pistol_ttt	-187.289001 -4066.540039 385.279999	0.000 0.000 0.000
item_ammo_pistol_ttt	-199.000000 -4066.000000 385.279999	0.000 0.000 0.000
item_ammo_pistol_ttt	180.000000 -4085.000000 385.279999	0.000 0.000 0.000
item_ammo_pistol_ttt	193.000000 -4085.000000 385.279999	0.000 0.000 0.000
item_ammo_pistol_ttt	192.710999 -4062.540039 385.279999	0.000 0.000 0.000
item_ammo_pistol_ttt	181.000000 -4062.000000 385.279999	0.000 0.000 0.000
item_ammo_pistol_ttt	-1282.000000 -130.000000 1048.280029	0.000 0.000 0.000
item_ammo_pistol_ttt	-1291.000000 -130.000000 1048.280029	0.000 0.000 0.000
item_ammo_pistol_ttt	-391.000000 -2004.000000 418.000000	0.000 0.000 0.000
item_ammo_pistol_ttt	-399.000000 -2005.000000 418.000000	0.000 0.000 0.000
item_ammo_pistol_ttt	-407.000000 -2005.000000 418.000000	0.000 0.000 0.000
item_ammo_pistol_ttt	-415.000000 -2004.000000 418.000000	0.000 0.000 0.000
item_ammo_pistol_ttt	-423.000000 -2005.000000 418.000000	0.000 0.000 0.000
item_ammo_pistol_ttt	-431.000000 -2005.000000 418.000000	0.000 0.000 0.000
item_ammo_pistol_ttt	-439.000000 -2004.000000 418.000000	0.000 0.000 0.000
item_ammo_pistol_ttt	-604.000000 -1975.000000 418.000000	0.000 0.000 0.000
item_ammo_pistol_ttt	-596.000000 -1976.000000 418.000000	0.000 0.000 0.000
item_ammo_pistol_ttt	-588.000000 -1976.000000 418.000000	0.000 0.000 0.000
item_ammo_pistol_ttt	-580.000000 -1975.000000 418.000000	0.000 0.000 0.000
item_ammo_pistol_ttt	-572.000000 -1976.000000 418.000000	0.000 0.000 0.000
item_ammo_pistol_ttt	-564.000000 -1976.000000 418.000000	0.000 0.000 0.000
item_ammo_pistol_ttt	-556.000000 -1975.000000 418.000000	0.000 0.000 0.000
item_ammo_pistol_ttt	-49.000000 -96.000000 -446.720001	0.000 180.000 0.000
item_ammo_pistol_ttt	-40.000000 -100.000000 -446.720001	0.000 180.000 0.000
item_ammo_pistol_ttt	-32.000000 -103.000000 -446.720001	0.000 180.000 0.000
item_ammo_pistol_ttt	-15.000000 -107.000000 -446.720001	0.000 180.000 0.000
item_ammo_pistol_ttt	-24.000000 -105.000000 -446.720001	0.000 180.000 0.000
item_ammo_pistol_ttt	-6.000000 -108.000000 -446.720001	0.000 180.000 0.000
item_ammo_pistol_ttt	115.595917 220.043411 1039.923096	-0.155 -0.004 -0.055
item_ammo_pistol_ttt	85.656960 232.310760 1039.850342	0.427 0.008 -0.093
weapon_zm_molotov	476.000000 -2940.000000 389.734985	0.000 0.000 0.000
weapon_zm_molotov	464.000000 -2938.000000 389.734985	0.000 0.000 0.000
weapon_zm_molotov	656.000000 -2470.000000 388.734985	0.000 0.000 0.000
weapon_zm_molotov	664.000000 -2470.000000 388.734985	0.000 0.000 0.000
weapon_zm_molotov	664.000000 -2478.000000 388.734985	0.000 0.000 0.000
weapon_zm_molotov	656.000000 -2478.000000 388.734985	0.000 0.000 0.000
weapon_zm_molotov	2405.229980 -1362.560059 -115.264999	0.000 270.000 0.000
weapon_zm_molotov	2397.229980 -1362.560059 -115.264999	0.000 270.000 0.000
weapon_zm_molotov	2397.229980 -1370.560059 -115.264999	0.000 270.000 0.000
weapon_zm_molotov	2405.229980 -1370.560059 -115.264999	0.000 270.000 0.000
weapon_zm_molotov	2206.000000 -242.000000 -299.265015	0.000 0.000 0.000
weapon_zm_molotov	-2454.000000 -614.000000 -299.265015	0.000 0.000 0.000
weapon_zm_molotov	-2446.000000 -614.000000 -299.265015	0.000 0.000 0.000
weapon_zm_molotov	470.000000 -550.000000 4.735110	0.000 0.000 0.000
weapon_zm_molotov	478.000000 -540.000000 4.735110	0.000 0.000 0.000
weapon_zm_molotov	-523.206970 -484.291992 4.735110	0.000 0.000 0.000
weapon_zm_molotov	608.000000 294.000000 1052.739990	0.000 90.000 0.000
weapon_zm_molotov	-40.000000 920.000000 1158.739990	0.000 0.000 0.000
weapon_zm_molotov	-40.000000 912.000000 1158.739990	0.000 0.000 0.000
weapon_zm_molotov	-32.000000 912.000000 1158.739990	0.000 0.000 0.000
weapon_zm_molotov	-32.000000 920.000000 1158.739990	0.000 0.000 0.000
weapon_ttt_confgrenade	-312.000000 -3284.000000 387.487000	0.000 0.000 0.000
weapon_ttt_confgrenade	-302.000000 -3280.000000 387.487000	0.000 0.000 0.000
weapon_ttt_confgrenade	294.000000 -3276.000000 387.487000	0.000 0.000 0.000
weapon_ttt_confgrenade	286.000000 -3278.000000 387.487000	0.000 0.000 0.000
weapon_ttt_confgrenade	622.000000 -2470.000000 387.487000	0.000 0.000 0.000
weapon_ttt_confgrenade	622.000000 -2478.000000 387.487000	0.000 0.000 0.000
weapon_ttt_confgrenade	630.000000 -2470.000000 387.487000	0.000 0.000 0.000
weapon_ttt_confgrenade	630.000000 -2478.000000 387.487000	0.000 0.000 0.000
weapon_ttt_confgrenade	2216.000000 -242.000000 -300.513000	0.000 0.000 0.000
weapon_ttt_confgrenade	-2480.000000 -614.000000 -300.513000	0.000 0.000 0.000
weapon_ttt_confgrenade	-2488.000000 -614.000000 -300.513000	0.000 0.000 0.000
weapon_ttt_confgrenade	-1006.000000 440.000000 3.487120	0.000 0.000 0.000
weapon_ttt_confgrenade	-1006.000000 448.000000 3.487120	0.000 0.000 0.000
weapon_ttt_confgrenade	488.000000 -550.000000 3.487120	0.000 0.000 0.000
weapon_ttt_confgrenade	478.000000 -560.000000 3.487120	0.000 0.000 0.000
weapon_ttt_confgrenade	36.444099 711.476013 3.487120	0.000 0.000 0.000
weapon_ttt_confgrenade	36.444099 719.476013 3.487120	0.000 0.000 0.000
weapon_ttt_confgrenade	-557.206970 -484.291992 3.487120	0.000 0.000 0.000
weapon_ttt_confgrenade	608.000000 260.000000 1051.489990	0.000 90.000 0.000
weapon_ttt_confgrenade	-66.000000 912.000000 1157.489990	0.000 0.000 0.000
weapon_ttt_confgrenade	-66.000000 920.000000 1157.489990	0.000 0.000 0.000
weapon_ttt_confgrenade	-74.000000 920.000000 1157.489990	0.000 0.000 0.000
weapon_ttt_confgrenade	-74.000000 912.000000 1157.489990	0.000 0.000 0.000
weapon_ttt_confgrenade	-93.410202 -401.925995 1043.489990	0.000 0.000 0.000
weapon_ttt_confgrenade	-93.410202 -393.925995 1043.489990	0.000 0.000 0.000
weapon_ttt_confgrenade	-101.410004 -393.925995 1043.489990	0.000 0.000 0.000
weapon_ttt_confgrenade	-101.410004 -401.925995 1043.489990	0.000 0.000 0.000
weapon_ttt_confgrenade	89.141403 406.084991 1043.489990	0.000 0.000 0.000
weapon_ttt_confgrenade	89.141403 398.084991 1043.489990	0.000 0.000 0.000
weapon_ttt_confgrenade	81.141403 406.084991 1043.489990	0.000 0.000 0.000
weapon_ttt_confgrenade	81.141403 398.084991 1043.489990	0.000 0.000 0.000
weapon_ttt_confgrenade	-1076.770020 234.746002 1051.489990	0.000 0.000 0.000
weapon_ttt_confgrenade	-1076.770020 226.746002 1051.489990	0.000 0.000 0.000
weapon_ttt_confgrenade	-1084.770020 234.746002 1051.489990	0.000 0.000 0.000
weapon_ttt_confgrenade	-1084.770020 226.746002 1051.489990	0.000 0.000 0.000
weapon_ttt_confgrenade	-1590.000000 6.000000 1096.000000	0.000 0.000 0.000
weapon_ttt_confgrenade	-1590.000000 -2.000000 1096.000000	0.000 0.000 0.000
weapon_ttt_confgrenade	-1598.000000 6.000000 1096.000000	0.000 0.000 0.000
weapon_ttt_confgrenade	-1598.000000 -2.000000 1096.000000	0.000 0.000 0.000
weapon_ttt_confgrenade	1148.000000 -232.000000 1083.920044	0.000 0.000 0.000
weapon_ttt_confgrenade	1148.000000 -240.000000 1083.920044	0.000 0.000 0.000
weapon_ttt_confgrenade	1140.000000 -232.000000 1083.920044	0.000 0.000 0.000
weapon_ttt_confgrenade	1140.000000 -240.000000 1083.920044	0.000 0.000 0.000
item_ammo_revolver_ttt	-9.000000 106.000000 -446.723999	0.000 0.000 0.000
item_ammo_revolver_ttt	-17.000000 105.000000 -446.723999	0.000 0.000 0.000
item_ammo_revolver_ttt	-25.000000 103.000000 -446.723999	0.000 0.000 0.000
item_ammo_revolver_ttt	-33.000000 101.000000 -446.723999	0.000 0.000 0.000
item_ammo_revolver_ttt	-41.000000 98.000000 -446.723999	0.000 0.000 0.000
item_ammo_revolver_ttt	-49.000000 93.000000 -446.723999	0.000 0.000 0.000
item_ammo_revolver_ttt	-263.791992 -3717.229980 385.276001	0.000 0.000 0.000
item_ammo_revolver_ttt	-263.000000 -3735.000000 385.276001	0.000 0.000 0.000
item_ammo_revolver_ttt	-255.000000 -3717.000000 385.276001	0.000 0.000 0.000
item_ammo_revolver_ttt	-255.000000 -3736.000000 385.276001	0.000 0.000 0.000
item_ammo_revolver_ttt	464.083008 -2997.100098 385.276001	0.000 0.000 0.000
item_ammo_revolver_ttt	485.023987 -2994.250000 385.276001	0.000 0.000 0.000
item_ammo_revolver_ttt	-491.026001 -3297.860107 385.276001	0.000 0.000 0.000
item_ammo_revolver_ttt	-1059.000000 93.000000 1.275810	0.000 0.000 0.000
item_ammo_revolver_ttt	-1047.000000 93.000000 1.275810	0.000 0.000 0.000
item_ammo_revolver_ttt	-1036.000000 93.000000 1.275810	0.000 0.000 0.000
item_ammo_revolver_ttt	-1025.000000 93.000000 1.275810	0.000 0.000 0.000
item_ammo_revolver_ttt	2193.320068 -848.494019 -118.723999	0.000 0.000 0.000
item_ammo_revolver_ttt	2206.429932 -846.187988 -118.723999	0.000 0.000 0.000
item_ammo_revolver_ttt	2217.000000 -843.633972 -118.723999	0.000 0.000 0.000
item_ammo_revolver_ttt	2205.370117 -864.000000 -118.723999	0.000 0.000 0.000
item_ammo_revolver_ttt	746.195007 -2563.409912 385.276001	0.000 0.000 0.000
item_ammo_revolver_ttt	745.252991 -2546.699951 385.276001	0.000 0.000 0.000
item_ammo_revolver_ttt	759.067017 -2559.979980 385.276001	0.000 0.000 0.000
item_ammo_revolver_ttt	769.905029 -2549.350098 385.276001	0.000 0.000 0.000
item_ammo_revolver_ttt	783.598022 -2544.070068 385.276001	0.000 0.000 0.000
item_ammo_revolver_ttt	756.302979 -2542.860107 385.276001	0.000 0.000 0.000
item_ammo_revolver_ttt	793.801025 -2533.520020 385.276001	0.000 0.000 0.000
item_ammo_revolver_ttt	772.179016 -2534.570068 385.276001	0.000 0.000 0.000
item_ammo_revolver_ttt	-240.837997 610.000000 1155.280029	0.000 0.000 0.000
item_ammo_revolver_ttt	-240.000000 626.000000 1155.280029	0.000 0.000 0.000
item_ammo_revolver_ttt	-230.000000 626.000000 1155.280029	0.000 0.000 0.000
item_ammo_revolver_ttt	-230.837997 610.000000 1155.280029	0.000 0.000 0.000
item_ammo_revolver_ttt	-241.000000 595.000000 1155.280029	0.000 0.000 0.000
item_ammo_revolver_ttt	-231.000000 595.000000 1155.280029	0.000 0.000 0.000
item_ammo_revolver_ttt	-480.000000 -3264.000000 410.000000	0.000 0.000 0.000
item_ammo_revolver_ttt	-480.000000 -3267.000000 421.000000	0.000 0.000 0.000
item_ammo_revolver_ttt	464.000000 -3264.000000 410.000000	0.000 180.000 0.000
item_ammo_revolver_ttt	464.000000 -3267.000000 421.000000	0.000 180.000 0.000
item_ammo_revolver_ttt	455.000000 -3312.199951 385.276001	0.000 0.000 0.000
item_ammo_revolver_ttt	727.133972 77.259003 0.275818	0.000 0.000 0.000
item_ammo_revolver_ttt	727.991028 57.341301 0.275818	0.000 0.000 0.000
item_ammo_revolver_ttt	207.858994 361.895996 1040.280029	0.000 250.500 0.000
item_ammo_revolver_ttt	211.197006 371.322998 1040.280029	0.000 250.500 0.000
item_ammo_revolver_ttt	226.000000 365.191986 1040.280029	0.000 250.500 0.000
item_ammo_revolver_ttt	222.662003 355.765991 1040.280029	0.000 250.500 0.000
item_ammo_revolver_ttt	-195.576996 -363.130005 1040.280029	0.000 62.500 0.000
item_ammo_revolver_ttt	-200.195007 -372.000000 1040.280029	0.000 62.500 0.000
item_ammo_revolver_ttt	-214.000000 -363.868988 1040.280029	0.000 62.500 0.000
item_ammo_revolver_ttt	-209.382996 -354.998993 1040.280029	0.000 62.500 0.000
item_ammo_revolver_ttt	976.484009 -3237.000000 416.276001	0.000 0.000 0.000
item_ammo_revolver_ttt	985.000000 -3236.929932 416.276001	0.000 0.000 0.000
item_ammo_revolver_ttt	889.484009 -2997.000000 417.278015	0.000 0.000 0.000
item_ammo_revolver_ttt	898.000000 -2996.929932 417.278015	0.000 0.000 0.000
item_ammo_revolver_ttt	-604.000000 -1998.000000 418.000000	0.000 0.000 0.000
item_ammo_revolver_ttt	-559.005981 -2010.000000 396.000000	0.000 180.000 0.000
item_ammo_revolver_ttt	-567.005981 -2010.000000 396.000000	0.000 180.000 0.000
item_ammo_revolver_ttt	-596.000000 -1998.000000 418.000000	0.000 0.000 0.000
item_ammo_revolver_ttt	-574.005981 -2010.000000 396.000000	0.000 180.000 0.000
item_ammo_revolver_ttt	-589.000000 -1998.000000 418.000000	0.000 0.000 0.000
item_ammo_revolver_ttt	-582.005981 -2010.000000 396.000000	0.000 180.000 0.000
item_ammo_revolver_ttt	-581.000000 -1998.000000 396.000000	0.000 0.000 0.000
item_ammo_revolver_ttt	-589.005981 -2010.000000 418.000000	0.000 180.000 0.000
item_ammo_revolver_ttt	-574.000000 -1998.000000 396.000000	0.000 0.000 0.000
item_ammo_revolver_ttt	-596.005981 -2010.000000 418.000000	0.000 180.000 0.000
item_ammo_revolver_ttt	-567.000000 -1998.000000 396.000000	0.000 0.000 0.000
item_ammo_revolver_ttt	-604.005981 -2010.000000 418.000000	0.000 180.000 0.000
item_ammo_revolver_ttt	-559.000000 -1998.000000 396.000000	0.000 0.000 0.000
item_ammo_revolver_ttt	8.000000 -105.000000 -446.723999	0.000 180.000 0.000
item_ammo_revolver_ttt	24.000000 -102.000000 -446.723999	0.000 180.000 0.000
item_ammo_revolver_ttt	16.000000 -104.000000 -446.723999	0.000 180.000 0.000
item_ammo_revolver_ttt	32.000000 -100.000000 -446.723999	0.000 180.000 0.000
item_ammo_revolver_ttt	40.000000 -97.000000 -446.723999	0.000 180.000 0.000
item_ammo_revolver_ttt	48.000000 -92.000000 -446.723999	0.000 180.000 0.000
item_ammo_revolver_ttt	149.159805 -2171.510742 421.319641	0.436 0.069 0.056
item_ammo_revolver_ttt	147.164581 -2148.212646 421.334778	0.440 0.060 0.050
item_ammo_revolver_ttt	-629.139343 -3303.953125 384.433105	0.911 -0.025 -0.528
item_ammo_revolver_ttt	-629.261475 -3319.979004 384.436829	0.867 -0.023 -0.475
item_ammo_revolver_ttt	619.819519 -3305.426514 384.445557	0.766 -0.021 -0.351
item_ammo_revolver_ttt	601.156006 -3316.048828 384.410889	1.169 -0.037 -0.844
item_ammo_revolver_ttt	477.857544 -3307.836182 384.419220	1.072 -0.031 -0.725
item_ammo_revolver_ttt	-470.964813 -3291.502197 384.421478	1.046 -0.030 -0.693
weapon_zm_shotgun	-415.000000 -1844.000000 425.000000	0.000 70.500 0.000
weapon_zm_shotgun	-404.000000 -1843.000000 425.000000	0.000 67.500 0.000
weapon_zm_shotgun	-393.000000 -1844.000000 425.000000	0.000 67.500 0.000
weapon_zm_shotgun	-380.000000 -1843.000000 425.000000	0.000 67.500 0.000
weapon_zm_shotgun	-600.106995 -3005.840088 391.489014	0.000 0.000 0.000
weapon_zm_shotgun	-603.000000 -2819.000000 391.489014	0.000 0.000 0.000
weapon_zm_shotgun	180.042999 -1520.390015 3.488650	0.000 0.000 0.000
weapon_zm_shotgun	-709.000000 407.000000 3.488650	0.000 0.000 0.000
weapon_zm_shotgun	-1694.939941 608.421997 -430.510986	0.000 0.000 0.000
weapon_zm_shotgun	-1596.989990 758.713013 -430.510986	0.000 0.000 0.000
weapon_zm_shotgun	2232.000000 129.000000 -300.510986	0.000 270.000 0.000
weapon_zm_shotgun	2216.000000 129.000000 -300.510986	0.000 270.000 0.000
weapon_zm_shotgun	782.674011 -1726.079956 387.489014	0.000 0.000 0.000
weapon_zm_shotgun	783.000000 -1738.000000 387.489014	0.000 0.000 0.000
weapon_zm_shotgun	606.000000 -2180.000000 426.000000	0.000 0.000 0.000
weapon_zm_shotgun	894.000000 -519.000000 1102.000000	0.000 180.000 0.000
weapon_zm_shotgun	-205.000000 549.000000 1157.489990	0.000 90.000 0.000
weapon_zm_shotgun	-214.968994 550.544983 1157.489990	0.000 90.000 0.000
weapon_zm_shotgun	419.240997 -2903.159912 386.489014	0.000 0.000 0.000
weapon_zm_shotgun	712.706970 9.115480 2.488650	0.000 0.000 0.000
weapon_zm_shotgun	719.598999 -12.294200 2.488650	0.000 0.000 0.000
weapon_zm_shotgun	-2754.000000 168.000000 -253.798996	0.000 90.000 0.000
weapon_zm_shotgun	-2744.000000 168.000000 -253.798996	0.000 90.000 0.000
weapon_zm_shotgun	189.910004 -1986.310059 424.489014	0.000 45.000 0.000
weapon_zm_shotgun	-18.000000 -240.000000 1074.920044	0.000 107.000 0.000
weapon_zm_shotgun	1004.000000 -3215.000000 418.489014	0.000 339.000 0.000
weapon_zm_shotgun	-443.000000 -2142.000000 425.000000	0.000 247.500 0.000
weapon_zm_shotgun	-456.000000 -2143.000000 425.000000	0.000 247.500 0.000
weapon_zm_sledge	31.474501 154.910995 -443.141998	0.000 0.000 0.000
weapon_zm_sledge	-2725.090088 -364.964996 -299.141998	0.000 0.000 0.000
weapon_zm_sledge	369.404999 -1574.000000 426.000000	0.000 0.000 0.000
weapon_zm_sledge	-1017.000000 -232.000000 1052.859985	0.000 0.000 0.000
weapon_zm_sledge	-138.164993 -1707.719971 3.857780	0.000 0.000 0.000
weapon_zm_sledge	-2117.330078 297.177002 -300.141998	0.000 0.000 0.000
weapon_zm_sledge	-590.000000 -1981.000000 485.000000	0.000 0.000 0.000
weapon_zm_sledge	-590.000000 -1973.000000 485.000000	0.000 0.000 0.000
weapon_zm_sledge	-404.000000 -1979.000000 485.000000	0.000 180.000 0.000
weapon_zm_sledge	-404.000000 -1971.000000 485.000000	0.000 180.000 0.000
weapon_zm_sledge	-412.000000 -2009.000000 485.000000	0.000 180.000 0.000
weapon_zm_sledge	-412.000000 -2001.000000 485.000000	0.000 180.000 0.000
weapon_zm_sledge	-586.000000 -2002.000000 464.000000	0.000 0.000 0.000
weapon_zm_sledge	-586.000000 -2010.000000 464.000000	0.000 0.000 0.000
weapon_zm_sledge	-28.996901 -154.570999 -443.141998	0.000 180.000 0.000
weapon_zm_sledge	325.959900 -3337.916992 388.373718	18.184 1.238 3.140
weapon_zm_revolver	-459.000000 -1834.000000 424.997986	0.000 71.000 0.000
weapon_zm_revolver	-449.000000 -1834.000000 424.997986	0.000 71.000 0.000
weapon_zm_revolver	-439.000000 -1834.000000 424.997986	0.000 71.000 0.000
weapon_zm_revolver	-428.000000 -1834.000000 424.997986	0.000 71.000 0.000
weapon_zm_revolver	-99.000000 111.000000 -445.002014	0.000 0.000 0.000
weapon_zm_revolver	-93.522400 127.125999 -445.002014	0.000 0.000 0.000
weapon_zm_revolver	-264.000000 -3704.000000 386.997986	0.000 0.000 0.000
weapon_zm_revolver	472.579010 -2977.010010 386.997986	0.000 0.000 0.000
weapon_zm_revolver	-479.670013 -3308.659912 386.997986	0.000 0.000 0.000
weapon_zm_revolver	-994.356018 142.028000 2.997950	0.000 0.000 0.000
weapon_zm_revolver	-1021.869995 116.933998 2.997950	0.000 0.000 0.000
weapon_zm_revolver	2182.459961 -832.575012 -117.001999	0.000 0.000 0.000
weapon_zm_revolver	2210.110107 -829.044983 -117.001999	0.000 0.000 0.000
weapon_zm_revolver	798.000000 -2322.000000 426.000000	0.000 0.000 0.000
weapon_zm_revolver	794.000000 -2279.000000 426.000000	0.000 0.000 0.000
weapon_zm_revolver	-217.000000 604.000000 1157.000000	0.000 0.000 0.000
weapon_zm_revolver	-218.000000 621.367981 1157.000000	0.000 0.000 0.000
weapon_zm_revolver	466.355988 -3323.000000 386.997986	0.000 0.000 0.000
weapon_zm_revolver	-2479.149902 438.200012 -302.002014	0.000 0.000 0.000
weapon_zm_revolver	706.361023 98.642601 1.997960	0.000 0.000 0.000
weapon_zm_revolver	122.000000 -2152.000000 433.191986	0.000 270.000 0.000
weapon_zm_revolver	197.584000 350.855011 1042.000000	0.000 250.500 0.000
weapon_zm_revolver	214.289993 346.000000 1042.000000	0.000 250.500 0.000
weapon_zm_revolver	-183.865997 -353.626007 1042.000000	0.000 62.500 0.000
weapon_zm_revolver	-199.733002 -346.493011 1042.000000	0.000 62.500 0.000
weapon_zm_revolver	974.000000 -3223.000000 417.997986	0.000 0.000 0.000
weapon_zm_revolver	887.000000 -2983.000000 419.000000	0.000 0.000 0.000
weapon_zm_revolver	96.000000 -126.786003 -445.002014	0.000 180.000 0.000
weapon_zm_revolver	101.477997 -110.660004 -445.002014	0.000 180.000 0.000
weapon_zm_revolver	-261.320801 -3746.434814 385.899078	2.457 -20.342 -83.438
weapon_zm_revolver	-601.529968 -3298.064697 385.893219	2.462 -20.331 -83.306
weapon_zm_revolver	591.404541 -3294.201660 385.894409	2.461 -20.332 -83.333
weapon_ttt_glock	-459.000000 -1851.000000 423.932007	0.000 77.500 0.000
weapon_ttt_glock	-448.000000 -1851.000000 423.932007	0.000 77.500 0.000
weapon_ttt_glock	-438.000000 -1851.000000 423.932007	0.000 77.500 0.000
weapon_ttt_glock	-427.000000 -1851.000000 423.932007	0.000 77.500 0.000
weapon_ttt_glock	396.000000 -2610.000000 433.447998	0.000 0.000 0.000
weapon_ttt_glock	-1647.849976 -177.348999 -301.067993	0.000 0.000 0.000
weapon_ttt_glock	-1697.000000 -177.000000 -301.067993	0.000 0.000 0.000
weapon_ttt_glock	1475.150024 -171.348999 -301.067993	0.000 0.000 0.000
weapon_ttt_glock	1426.000000 -171.000000 -301.067993	0.000 0.000 0.000
weapon_ttt_glock	2180.719971 -816.242981 -117.068001	0.000 0.000 0.000
weapon_ttt_glock	2207.290039 -814.693970 -117.068001	0.000 0.000 0.000
weapon_ttt_glock	130.645996 -1701.880005 1.931700	0.000 0.000 0.000
weapon_ttt_glock	131.123993 -1717.329956 1.931700	0.000 0.000 0.000
weapon_zm_pistol	64.000000 -3697.000000 386.722992	0.000 0.000 0.000
weapon_zm_pistol	64.000000 -3686.000000 386.722992	0.000 0.000 0.000
weapon_zm_pistol	-89.000000 -3687.000000 386.722992	0.000 0.000 0.000
weapon_zm_pistol	-89.000000 -3698.000000 386.722992	0.000 0.000 0.000
weapon_zm_pistol	-616.000000 -208.000000 1052.859985	0.000 0.000 0.000
weapon_zm_pistol	-616.000000 -192.000000 1052.859985	0.000 0.000 0.000
weapon_zm_pistol	64.000000 -3707.000000 386.722992	0.000 0.000 0.000
weapon_zm_pistol	-88.000000 -3710.000000 386.722992	0.000 0.000 0.000
weapon_zm_pistol	-200.000000 -4122.000000 386.722992	0.000 0.000 0.000
weapon_zm_pistol	-200.000000 -4111.000000 386.722992	0.000 0.000 0.000
weapon_zm_pistol	180.000000 -4118.000000 386.722992	0.000 0.000 0.000
weapon_zm_pistol	180.000000 -4107.000000 386.722992	0.000 0.000 0.000
