# Trouble in Terrorist Town weapon/ammo placement overrides
# For map: ttt_city15
# Exported by: niclas
setting:	replacespawns 1
ttt_random_weapon	-13239.902344 6013.089355 257.198669	1.890 4.927 -92.563	auto_ammo 2
ttt_random_weapon	-13254.949219 6356.776367 257.208710	1.777 4.927 -92.822	auto_ammo 2
ttt_random_weapon	-12703.969727 6714.600586 257.212128	1.738 4.926 -92.910	auto_ammo 2
ttt_random_weapon	-12703.279297 6185.236328 257.225586	1.586 4.918 -93.258	auto_ammo 2
ttt_random_weapon	-12190.044922 6182.076172 257.192291	1.962 4.928 -92.398	auto_ammo 2
ttt_random_weapon	-12202.098633 6617.867188 257.227539	1.564 4.917 -93.309	auto_ammo 2
ttt_random_weapon	-11706.951172 6649.045410 257.199402	1.882 4.926 -92.582	auto_ammo 2
ttt_random_weapon	-11700.664063 6214.706055 257.141266	1.832 4.448 -92.351	auto_ammo 2
ttt_random_weapon	-11184.057617 6203.311523 257.197906	1.899 4.927 -92.543	auto_ammo 2
ttt_random_weapon	-11189.153320 6742.828613 257.229034	1.547 4.915 -93.348	auto_ammo 2
ttt_random_weapon	-11157.590820 8895.212891 257.227844	1.561 4.916 -93.317	auto_ammo 2
ttt_random_weapon	-11156.804688 8643.719727 257.208130	1.784 4.928 -92.806	auto_ammo 2
ttt_random_weapon	-11677.323242 8629.520508 257.227844	1.561 4.916 -93.317	auto_ammo 2
ttt_random_weapon	-11679.549805 9003.004883 257.205627	1.812 4.928 -92.742	auto_ammo 2
ttt_random_weapon	-12174.112305 9288.371094 257.210480	1.757 4.928 -92.867	auto_ammo 2
ttt_random_weapon	-12193.162109 8792.103516 257.216248	1.692 4.925 -93.016	auto_ammo 2
ttt_random_weapon	-12681.034180 8758.721680 257.202271	1.850 4.928 -92.656	auto_ammo 2
ttt_random_weapon	-12690.435547 9276.547852 257.230408	1.532 4.914 -93.384	auto_ammo 2
ttt_random_weapon	-13235.952148 8825.110352 257.189697	1.991 4.921 -92.331	auto_ammo 2
ttt_random_weapon	-13244.671875 9216.985352 257.210480	1.757 4.928 -92.867	auto_ammo 2
ttt_random_weapon	-13220.290039 7538.779785 257.237427	1.452 4.968 -93.565	auto_ammo 2
ttt_random_weapon	-13224.454102 7645.340332 257.231354	1.521 4.979 -93.407	auto_ammo 2
ttt_random_weapon	-13228.042969 7774.553711 257.216492	1.689 4.985 -93.023	auto_ammo 2
ttt_random_weapon	-13228.388672 7929.606445 257.221741	1.630 4.989 -93.159	auto_ammo 2
ttt_random_weapon	-13229.840820 8049.795898 257.220947	1.639 4.988 -93.138	auto_ammo 2
ttt_random_weapon	-12492.386719 8031.307129 257.220520	1.644 4.988 -93.127	auto_ammo 2
ttt_random_weapon	-12494.627930 8127.192383 257.224030	1.604 4.987 -93.218	auto_ammo 2
ttt_random_weapon	-12494.657227 8255.029297 257.235138	1.478 4.973 -93.506	auto_ammo 2
ttt_random_weapon	-12020.726563 7089.752441 257.236420	1.464 4.971 -93.539	auto_ammo 2
ttt_random_weapon	-12028.380859 7253.466797 257.222137	1.625 4.988 -93.169	auto_ammo 2
ttt_random_weapon	-12045.113281 7442.261230 257.222137	1.625 4.988 -93.169	auto_ammo 2
ttt_random_weapon	-11013.038086 7129.381836 257.212677	1.732 4.927 -92.924	auto_ammo 2
ttt_random_weapon	-10974.384766 7073.802734 257.211029	1.751 4.927 -92.882	auto_ammo 2
ttt_random_weapon	-11000.043945 7173.481445 -526.782349	1.676 4.924 -93.053	auto_ammo 2
ttt_random_weapon	-10924.099609 7168.443848 -526.763123	1.459 4.907 -93.550	auto_ammo 2
ttt_random_weapon	-10705.394531 7003.637695 -526.792480	1.791 4.928 -92.791	auto_ammo 2
ttt_random_weapon	-10765.960938 7001.846191 -526.781860	1.671 4.924 -93.065	auto_ammo 2
ttt_random_weapon	-8697.586914 7437.435059 -526.787842	1.738 4.926 -92.910	auto_ammo 2
ttt_random_weapon	-8615.065430 7398.514648 -526.767273	1.506 4.513 -93.443	auto_ammo 2
ttt_random_weapon	-6388.310059 7365.154297 -526.768616	1.521 4.679 -93.408	auto_ammo 2
ttt_random_weapon	-6478.225098 7370.546387 -526.773193	1.573 4.686 -93.290	auto_ammo 2
ttt_random_weapon	-6391.604004 7315.849609 -526.804626	1.928 4.718 -92.476	auto_ammo 2
ttt_random_weapon	-6496.179688 7315.947754 -526.802307	1.901 4.718 -92.537	auto_ammo 2
ttt_random_weapon	-4520.614258 7251.492676 -526.790649	1.770 4.927 -92.837	auto_ammo 2
ttt_random_weapon	-4655.286621 7264.446777 -526.799133	1.865 4.929 -92.619	auto_ammo 2
ttt_random_weapon	-4792.399414 7265.040527 -526.807678	1.962 4.927 -92.398	auto_ammo 2
ttt_random_weapon	-4918.503906 7264.122559 -526.769287	1.529 4.914 -93.390	auto_ammo 2
ttt_random_weapon	-3290.913818 6492.885254 -14.770966	1.547 4.915 -93.348	auto_ammo 2
ttt_random_weapon	-3377.396240 6437.441406 -14.807706	1.962 4.927 -92.398	auto_ammo 2
ttt_random_weapon	-4533.033203 6421.005371 -14.776541	1.611 4.920 -93.203	auto_ammo 2
ttt_random_weapon	-4537.838379 6517.783203 -14.783760	1.692 4.925 -93.016	auto_ammo 2
ttt_random_weapon	-5575.721680 6818.707031 1.202965	1.842 4.927 -92.673	auto_ammo 2
ttt_random_weapon	-5580.312988 6751.257324 1.214249	1.715 4.926 -92.965	auto_ammo 2
ttt_random_weapon	-7620.104492 6172.126465 1.207506	1.791 4.928 -92.791	auto_ammo 2
ttt_random_weapon	-7622.729492 6253.395996 1.204310	1.827 4.929 -92.708	auto_ammo 2
ttt_random_weapon	-7478.094238 6618.900391 1.217649	1.676 4.924 -93.053	auto_ammo 2
ttt_random_weapon	-9319.540039 6504.848145 -14.786267	1.720 4.926 -92.952	auto_ammo 2
ttt_random_weapon	-9283.112305 6436.594238 -14.767112	1.483 4.588 -93.573	auto_ammo 2
ttt_random_weapon	-9422.682617 6408.518555 -14.802854	1.907 4.928 -92.523	auto_ammo 2
ttt_random_weapon	-9273.034180 6263.791016 1.207643	1.789 4.700 -92.794	auto_ammo 2
ttt_random_weapon	-10747.083984 6383.319824 16.076855	-0.754 -11.500 87.964	auto_ammo 2
ttt_random_weapon	-10752.093750 6568.242188 23.810604	4.062 -1.575 -93.331	auto_ammo 2
ttt_random_weapon	-10157.776367 7927.756836 193.198669	1.890 4.927 -92.563	auto_ammo 2
ttt_random_weapon	-10055.648438 7933.654297 129.229599	1.541 4.915 -93.362	auto_ammo 2
ttt_random_weapon	-9969.222656 7941.584961 65.219437	1.656 4.923 -93.099	auto_ammo 2
ttt_random_weapon	-10151.891602 7499.385254 193.232193	1.512 4.912 -93.429	auto_ammo 2
ttt_random_weapon	-10058.125977 7494.860840 129.215256	1.703 4.926 -92.991	auto_ammo 2
ttt_random_weapon	-9966.877930 7505.346191 65.218109	1.671 4.924 -93.065	auto_ammo 2
ttt_random_weapon	-10729.143555 7001.964355 257.223816	1.606 4.919 -93.213	auto_ammo 2
ttt_random_weapon	-10722.041016 7069.931152 257.217194	1.681 4.924 -93.041	auto_ammo 2
ttt_random_weapon	-10764.259766 8343.168945 257.205627	1.812 4.928 -92.742	auto_ammo 2
ttt_random_weapon	-10749.401367 8445.041016 257.199402	1.882 4.926 -92.582	auto_ammo 2
ttt_random_weapon	-8981.660156 8437.973633 225.197159	1.907 4.928 -92.523	auto_ammo 2
ttt_random_weapon	-8886.562500 8416.151367 225.210464	1.757 4.928 -92.867	auto_ammo 2
ttt_random_weapon	-8908.712891 8335.869141 225.213211	1.726 4.926 -92.938	auto_ammo 2
ttt_random_weapon	-8897.813477 7014.701660 225.193970	1.943 4.925 -92.441	auto_ammo 2
ttt_random_weapon	-8959.044922 7066.983887 225.224899	1.594 4.919 -93.241	auto_ammo 2
ttt_random_weapon	-6516.525879 8431.238281 225.200867	1.865 4.929 -92.619	auto_ammo 2
ttt_random_weapon	-6613.081055 8341.553711 225.223831	1.606 4.920 -93.213	auto_ammo 2
ttt_random_weapon	-6508.785645 6986.291504 225.223831	1.606 4.920 -93.213	auto_ammo 2
ttt_random_weapon	-6608.314941 7005.474121 225.223450	1.611 4.920 -93.203	auto_ammo 2
ttt_random_weapon	-6561.676758 7085.484375 225.192291	1.962 4.927 -92.398	auto_ammo 2
ttt_random_weapon	-7682.319336 7480.802734 1.241343	1.408 4.902 -93.667	auto_ammo 2
ttt_random_weapon	-7489.952148 7679.362793 1.202276	1.850 4.928 -92.656	auto_ammo 2
ttt_random_weapon	-7683.848145 7924.066895 1.199412	1.882 4.926 -92.582	auto_ammo 2
ttt_random_weapon	-7987.924805 7742.982422 1.232189	1.512 4.912 -93.429	auto_ammo 2
ttt_random_weapon	-5952.346191 8875.313477 -14.791880	1.784 4.928 -92.806	auto_ammo 2
ttt_random_weapon	-5967.487793 8961.723633 -14.801296	1.598 4.493 -93.049	auto_ammo 2
ttt_random_weapon	-5970.847656 9090.502930 -14.776541	1.611 4.920 -93.203	auto_ammo 2
ttt_random_weapon	-10735.875977 8662.650391 26.589369	4.808 2.573 -89.630	auto_ammo 2
ttt_random_weapon	-10632.528320 8647.721680 21.041374	1.222 -9.346 87.532	auto_ammo 2
ttt_random_weapon	-6940.026367 9696.770508 1.209310	1.770 4.927 -92.837	auto_ammo 2
ttt_random_weapon	-6936.420898 9620.978516 1.210467	1.757 4.928 -92.867	auto_ammo 2
ttt_random_weapon	-8225.308594 9402.003906 1.236675	1.461 4.907 -93.546	auto_ammo 2
ttt_random_weapon	-8224.557617 9456.549805 1.219000	1.661 4.923 -93.088	auto_ammo 2
ttt_random_weapon	-8226.061523 9547.109375 1.204313	1.827 4.929 -92.708	auto_ammo 2
ttt_random_weapon	-8319.617188 9899.049805 1.197144	1.907 4.928 -92.523	auto_ammo 2
ttt_random_weapon	-8210.509766 9893.066406 1.193961	1.943 4.925 -92.441	auto_ammo 2
ttt_random_weapon	-7573.551758 9917.072266 1.205620	1.812 4.928 -92.742	auto_ammo 2
ttt_random_weapon	-7726.522461 9654.001953 1.197147	1.907 4.928 -92.523	auto_ammo 2
ttt_random_weapon	-7895.822266 9633.056641 1.240250	1.420 4.903 -93.639	auto_ammo 2
ttt_random_weapon	-9111.983398 9897.787109 1921.210815	1.753 4.771 -92.876	auto_ammo 2
ttt_random_weapon	-9056.375000 9646.566406 1921.203979	1.829 4.776 -92.702	auto_ammo 2
ttt_random_weapon	-8959.107422 9608.726563 1921.231079	1.524 4.755 -93.401	auto_ammo 2
ttt_random_weapon	-7676.828125 9862.539063 1921.224731	1.596 4.760 -93.237	auto_ammo 2
ttt_random_weapon	-7269.508789 9861.296875 1921.203369	1.837 4.777 -92.685	auto_ammo 2
ttt_random_weapon	-8959.167969 9465.082031 1921.208374	1.779 4.773 -92.816	auto_ammo 2
ttt_random_weapon	-8036.472656 9885.056641 1921.202637	1.845 4.778 -92.667	auto_ammo 2
ttt_random_weapon	-8183.158691 9858.946289 1921.205933	1.807 4.775 -92.753	auto_ammo 2
ttt_random_weapon	-4524.948242 7102.565918 1.200065	1.874 4.640 -92.599	auto_ammo 2
ttt_random_weapon	-4527.725098 7000.053711 1.221921	1.628 4.921 -93.163	auto_ammo 2
weapon_zm_rifle	-8472.275391 9395.421875 1921.256592	0.464 -4.471 -88.870
ttt_playerspawn	-7755.022949 9851.498047 1920.491089	0.044 0.000 0.044
ttt_playerspawn	-8660.259766 9841.305664 1920.579102	0.033 -0.000 -0.033
ttt_playerspawn	-8518.033203 9542.251953 1920.541260	-0.024 -0.000 0.024
ttt_playerspawn	-8239.028320 9619.443359 0.521025	-0.077 -0.000 0.077
ttt_playerspawn	-7445.171875 9637.839844 0.562800	-0.036 -0.000 0.036
ttt_playerspawn	-7682.387695 8150.837402 0.524518	-0.074 -0.000 0.074
ttt_playerspawn	-7837.448730 8163.759766 0.581339	-0.018 -0.000 0.018
ttt_playerspawn	-8368.807617 7688.214844 0.583192	-0.016 -0.000 0.017
ttt_playerspawn	-7664.985352 7248.325684 0.558672	-0.040 -0.000 0.040
ttt_playerspawn	-7837.745117 7255.163086 0.548980	-0.050 -0.000 0.050
ttt_playerspawn	-6607.870605 7931.102051 0.528934	-0.069 -0.000 0.069
ttt_playerspawn	-6719.769531 7513.802246 0.535078	-0.063 -0.000 0.063
ttt_playerspawn	-5840.112305 8975.157227 -15.424069	-0.023 -0.000 0.023
ttt_playerspawn	-10453.164063 8762.268555 16.699587	2.911 -0.215 1.767
ttt_playerspawn	-10469.722656 7232.549316 256.536987	-0.062 -0.000 0.062
ttt_playerspawn	-10538.508789 8170.747559 256.564972	-0.034 -0.000 0.034
ttt_playerspawn	-10394.570313 7664.751465 256.544983	-0.054 -0.000 0.054
ttt_playerspawn	-10412.859375 7783.726563 256.548218	-0.051 -0.000 0.051
ttt_playerspawn	-10484.232422 6436.976074 25.760317	-3.226 -0.353 -0.616
ttt_playerspawn	-7466.894043 6188.185547 0.514842	-0.083 -0.000 0.083
ttt_playerspawn	-5442.800293 6503.064941 -15.450257	-0.049 -0.000 0.049
ttt_playerspawn	-4512.127441 6867.240723 0.541996	-0.217 -0.019 -0.033
ttt_playerspawn	-4523.204590 7289.779785 0.562051	-0.149 -0.018 -0.029
ttt_playerspawn	-11690.440430 6451.508301 256.551239	-0.048 -0.000 0.048
ttt_playerspawn	-12686.599609 6407.600098 256.519836	-0.078 -0.000 0.078
ttt_playerspawn	-12730.157227 7898.262695 256.572998	-0.026 -0.000 0.026
ttt_playerspawn	-12481.536133 7659.240234 256.523743	-0.073 -0.000 0.073
ttt_playerspawn	-12021.135742 8075.451172 256.533417	-0.064 -0.000 0.064
ttt_playerspawn	-12696.118164 9031.224609 256.510895	-0.087 -0.000 0.087
ttt_playerspawn	-11705.577148 9101.762695 256.577667	-0.022 -0.000 0.022
ttt_playerspawn	-11289.643555 8064.530273 256.558868	-0.039 -0.000 0.039
ttt_playerspawn	-11244.347656 7347.177246 256.534424	-0.063 -0.000 0.063
ttt_playerspawn	-10951.435547 7029.660156 -527.460205	-0.059 -0.000 0.059
ttt_playerspawn	-10718.015625 7128.608887 -527.474365	-0.073 -0.000 0.073
ttt_playerspawn	-8691.012695 7339.901367 -527.461365	-0.074 -0.000 0.074
ttt_playerspawn	-6286.831543 7343.015625 -527.455017	-0.054 -0.000 0.054
ttt_playerspawn	-4815.686523 7360.141113 -527.426819	-0.025 -0.063 0.082
item_ammo_357_ttt	-8496.665039 9375.086914 1920.447144	0.750 -0.022 -0.334
item_ammo_357_ttt	-8491.519531 9396.567383 1920.421875	1.048 -0.032 -0.700
item_ammo_357_ttt	-8471.020508 9372.658203 1920.440430	0.829 -0.024 -0.431
item_ammo_pistol_ttt	-10950.542969 7797.814941 256.419800	-0.069 -0.020 -0.021
item_ammo_pistol_ttt	-10967.583008 7803.758789 256.314819	-0.161 -0.017 -0.049
item_ammo_pistol_ttt	-10952.305664 7848.826172 256.342987	-0.136 -0.019 -0.041
item_ammo_pistol_ttt	-10962.848633 7856.612305 256.484619	-0.012 -0.020 -0.004
item_ammo_pistol_ttt	-10947.715820 7887.437012 256.354309	-0.126 -0.019 -0.038
item_ammo_pistol_ttt	-10967.729492 7883.548340 257.386810	-5.869 -1.187 -4.772
item_ammo_pistol_ttt	-10947.998047 7921.923828 256.328186	-0.149 -0.018 -0.045
item_ammo_pistol_ttt	-10968.882813 7926.740723 257.196411	-2.639 0.680 4.222
item_ammo_pistol_ttt	-10953.109375 7951.023926 256.378265	-0.105 -0.020 -0.032
item_ammo_pistol_ttt	-10971.225586 7953.994629 256.374542	-0.109 -0.020 -0.033
item_ammo_pistol_ttt	-10953.349609 8013.944336 256.372650	-0.110 -0.020 -0.034
item_ammo_pistol_ttt	-10971.510742 8003.926270 256.409668	-0.078 -0.020 -0.024
item_ammo_pistol_ttt	-10953.359375 8044.615234 256.406952	-0.080 -0.020 -0.024
item_ammo_pistol_ttt	-10978.633789 8050.693359 256.370758	-0.112 -0.020 -0.034
item_ammo_pistol_ttt	-10965.487305 7334.660645 256.338196	-0.140 -0.019 -0.043
item_ammo_pistol_ttt	-10971.558594 7344.382324 256.429871	-0.644 0.333 -0.644
item_ammo_pistol_ttt	-10969.443359 7377.414551 256.358612	-0.122 -0.019 -0.037
item_ammo_pistol_ttt	-10974.558594 7400.930664 256.399750	-0.087 -0.020 -0.026
item_ammo_pistol_ttt	-10979.597656 7419.308105 256.423126	-0.539 0.464 -0.666
item_ammo_pistol_ttt	-10952.388672 7427.399902 256.401215	-0.085 -0.020 -0.026
item_ammo_pistol_ttt	-10969.505859 7454.292480 256.441895	0.687 0.015 0.107
item_ammo_pistol_ttt	-10968.079102 7474.492676 265.265167	-0.030 11.161 -87.803
item_ammo_pistol_ttt	-10965.715820 7506.940430 256.404114	-0.083 -0.020 -0.025
item_ammo_pistol_ttt	-10972.994141 7512.976563 256.368805	-0.114 -0.020 -0.034
item_ammo_pistol_ttt	-10954.159180 7537.534668 256.380066	-0.104 -0.020 -0.031
item_ammo_pistol_ttt	-10969.110352 7536.104492 256.340607	-0.138 -0.019 -0.042
item_ammo_pistol_ttt	-10965.193359 7567.525879 256.416412	-0.149 0.045 -0.029
item_ammo_pistol_ttt	-10971.416992 7584.887695 256.487030	-0.081 0.299 -0.102
item_ammo_pistol_ttt	-10952.306641 7616.485840 256.412323	-0.076 -0.020 -0.023
item_ammo_pistol_ttt	-10972.009766 7612.577637 256.354309	-0.126 -0.019 -0.038
item_ammo_pistol_ttt	-4635.401367 7454.361816 -527.635193	-0.117 -0.019 -0.035
item_ammo_pistol_ttt	-4641.388184 7430.236328 -527.629211	-0.112 -0.019 -0.034
item_ammo_pistol_ttt	-4921.899902 7435.700684 -527.614685	-0.099 -0.020 -0.030
item_ammo_pistol_ttt	-4890.277344 7431.225586 -527.682434	-0.158 -0.017 -0.048
item_ammo_pistol_ttt	-8218.604492 7565.101563 0.368801	-0.114 -0.019 -0.034
item_ammo_pistol_ttt	-8207.702148 7601.083496 0.378255	-0.105 -0.020 -0.032
item_ammo_pistol_ttt	-8215.814453 7831.182617 0.422256	1.735 -0.036 0.077
item_ammo_pistol_ttt	-8197.123047 7809.898926 0.381841	-0.102 -0.020 -0.031
item_ammo_pistol_ttt	-8689.431641 7361.782227 0.374559	-0.108 -0.019 -0.033
item_ammo_pistol_ttt	-8699.309570 7387.875977 0.378255	-0.105 -0.020 -0.032
item_ammo_pistol_ttt	-8653.919922 8029.837402 0.333269	-0.145 -0.018 -0.044
item_ammo_pistol_ttt	-8674.915039 8017.677246 0.374559	-0.108 -0.019 -0.033
item_ammo_pistol_ttt	-7583.519531 9390.739258 0.390346	-0.095 -0.020 -0.029
item_ammo_pistol_ttt	-7595.626465 9373.929688 0.354307	-0.126 -0.019 -0.038
item_ammo_pistol_ttt	-8044.873047 9390.262695 0.411229	0.941 -0.017 0.231
item_ammo_pistol_ttt	-8044.367188 9402.624023 9.275498	0.371 3.395 -87.947
weapon_zm_molotov	-11322.902344 6961.829590 260.552551	3.605 -0.107 -3.720
weapon_zm_molotov	-11337.516602 6961.695801 260.582062	2.835 -0.128 -2.921
weapon_zm_molotov	-11349.083008 8455.195313 260.511780	0.320 0.002 0.015
weapon_zm_molotov	-11335.993164 8456.388672 260.514221	0.346 0.002 -0.018
weapon_zm_molotov	-10760.879883 7163.910645 -523.394653	2.253 -0.127 -2.323
weapon_zm_molotov	-8806.118164 7330.686035 -523.407227	2.558 -0.131 -2.631
weapon_zm_molotov	-8808.293945 7351.700195 -523.353699	1.002 -0.108 -1.023
weapon_zm_molotov	-4462.708984 7129.283691 1.634486	37.573 -135.838 -89.998
weapon_zm_molotov	-10839.249023 6695.433105 38.089096	66.932 59.215 112.499
weapon_zm_molotov	-10277.853516 7938.336426 260.606476	2.219 -0.126 -2.288
weapon_zm_molotov	-8078.613281 9435.346680 4.536687	2.395 -0.005 -2.309
weapon_zm_molotov	-8091.589844 9461.172852 4.501386	0.263 0.003 0.112
weapon_zm_molotov	-8112.495117 9471.166016 4.560638	3.393 -0.130 -3.491
weapon_zm_molotov	-8171.144531 9440.855469 4.604165	2.287 -0.124 -2.359
weapon_zm_molotov	-8151.313965 9384.079102 4.501386	0.262 0.003 0.113
weapon_zm_molotov	-7438.587891 9427.337891 4.567656	3.267 -0.145 -3.373
weapon_zm_molotov	-7461.151367 9458.986328 4.564559	3.380 -0.130 -3.497
weapon_zm_molotov	-7502.480469 9445.454102 4.597967	2.466 -0.126 -2.546
weapon_zm_molotov	-7494.082031 9392.621094 4.529788	0.859 0.012 -0.603
weapon_ttt_confgrenade	-11287.914063 6958.199707 259.583435	0.866 0.196 0.761
weapon_ttt_confgrenade	-11307.666016 6957.610352 259.521271	1.684 0.226 1.480
weapon_ttt_confgrenade	-11300.631836 8457.022461 259.510010	2.052 0.291 -0.850
weapon_ttt_confgrenade	-11286.333984 8452.192383 259.573914	0.992 0.200 0.872
weapon_ttt_confgrenade	-10927.347656 6988.408691 -524.433228	0.984 0.135 -0.249
weapon_ttt_confgrenade	-4565.422363 7352.038086 3.557677	1.214 0.219 1.044
weapon_ttt_confgrenade	-4555.433105 7347.613770 3.577278	0.953 0.210 0.819
weapon_ttt_confgrenade	-4545.454590 7347.645996 3.530759	1.570 0.241 1.350
weapon_ttt_confgrenade	-4537.543945 7352.411133 3.525222	1.642 0.241 1.412
weapon_ttt_confgrenade	-10352.051758 6396.593262 43.679710	-22.379 -28.390 96.820
weapon_ttt_confgrenade	-10273.662109 7463.912598 259.573822	0.898 0.134 -0.228
weapon_ttt_confgrenade	-7794.365723 9868.137695 51.592628	0.065 -0.229 0.458
weapon_ttt_confgrenade	-7758.264160 9867.816406 51.567158	0.095 -0.225 0.669
weapon_ttt_confgrenade	-7723.162109 9867.391602 51.544979	0.121 -0.220 0.852
item_ammo_revolver_ttt	-10963.493164 8359.198242 256.412140	1.147 -0.035 -0.812
item_ammo_revolver_ttt	-10979.364258 8356.359375 256.453674	0.669 -0.018 -0.232
item_ammo_revolver_ttt	-10955.259766 8329.782227 256.437531	0.855 -0.022 -0.457
item_ammo_revolver_ttt	-10971.686523 8327.364258 256.464478	1.395 -0.710 -0.734
item_ammo_revolver_ttt	-10951.791016 8307.749023 256.406616	1.211 -0.041 -0.889
item_ammo_revolver_ttt	-10966.610352 8305.079102 256.416351	1.099 -0.032 -0.753
item_ammo_revolver_ttt	-10953.523438 8285.297852 256.456451	0.812 -0.425 -0.432
item_ammo_revolver_ttt	-10965.485352 8286.558594 256.418091	0.747 -0.064 -0.544
item_ammo_revolver_ttt	-10952.696289 8266.547852 257.643372	0.875 0.966 -16.537
item_ammo_revolver_ttt	-10962.448242 8265.060547 256.408508	1.189 -0.040 -0.863
item_ammo_revolver_ttt	-8797.563477 7277.250977 -527.592834	1.213 -0.042 -0.896
item_ammo_revolver_ttt	-8782.466797 7275.144043 -527.636353	0.593 0.077 0.054
item_ammo_revolver_ttt	-6502.393555 8354.764648 224.402206	1.270 -0.048 -0.966
item_ammo_revolver_ttt	-6526.430176 8343.101563 224.445908	0.761 -0.021 -0.346
item_ammo_revolver_ttt	-8991.945313 6992.650879 224.423615	1.021 -0.029 -0.662
item_ammo_revolver_ttt	-8975.402344 6993.784180 224.411743	1.159 -0.037 -0.831
item_ammo_revolver_ttt	-10510.234375 6753.120117 22.413897	0.604 -0.033 1.796
item_ammo_revolver_ttt	-10489.938477 6787.275879 20.848206	4.076 -0.359 -0.086
item_ammo_revolver_ttt	-10604.396484 8966.128906 24.063040	1.458 -0.158 0.658
item_ammo_revolver_ttt	-10594.924805 8916.225586 23.951326	4.219 0.079 -1.841
item_ammo_revolver_ttt	-7884.670898 9883.913086 48.359409	0.352 0.033 -0.017
item_ammo_revolver_ttt	-7893.542480 9867.889648 48.402992	1.273 -0.049 -0.977
weapon_zm_revolver	-10973.139648 8343.318359 257.922485	2.554 -19.674 -83.750
weapon_zm_revolver	-10970.605469 8319.867188 257.938568	2.502 -19.715 -84.181
weapon_zm_revolver	-10965.484375 8296.166992 257.919281	2.564 -19.670 -83.664
weapon_zm_revolver	-10964.539063 8277.645508 257.921692	2.557 -19.673 -83.729
weapon_zm_revolver	-10957.304688 8262.160156 257.850464	2.352 -40.779 -85.139
weapon_zm_revolver	-8793.046875 7260.043945 -526.062988	2.422 -20.405 -84.294
weapon_zm_revolver	-6508.033691 8336.381836 225.875610	2.478 -20.303 -82.912
weapon_zm_revolver	-8986.368164 6978.437988 225.897934	2.458 -20.341 -83.412
weapon_zm_revolver	-10527.081055 6799.000000 24.578255	5.873 -25.237 -84.211
weapon_zm_revolver	-10657.278320 8944.328125 28.307066	5.396 -24.874 -86.175
weapon_zm_revolver	-7880.297852 9862.218750 49.970459	2.743 -19.298 -84.410
weapon_ttt_glock	-10974.440430 8031.013672 256.531586	-0.862 26.480 91.510
weapon_ttt_glock	-10971.794922 7989.667969 256.478729	-1.283 26.387 92.498
weapon_ttt_glock	-10973.234375 7970.919434 256.503632	-1.084 26.465 92.032
weapon_ttt_glock	-10969.351563 7935.969727 256.525909	-0.913 28.224 91.381
weapon_ttt_glock	-10969.641602 7900.911621 256.531586	-0.862 26.480 91.510
weapon_ttt_glock	-10968.818359 7875.556641 256.475922	-1.105 26.305 91.023
weapon_ttt_glock	-10964.413086 7828.878418 256.516541	-0.981 26.475 91.791
weapon_ttt_glock	-4668.763184 7434.550293 -527.502014	-1.096 26.672 92.228
weapon_ttt_glock	-8203.841797 7574.531738 0.503501	-1.055 26.686 92.116
weapon_ttt_glock	-8197.470703 7830.450684 0.512356	-0.990 26.705 91.936
weapon_ttt_glock	-8731.666016 7365.371582 0.507805	-1.024 26.695 92.029
weapon_ttt_glock	-8685.323242 8039.336426 0.497122	-1.102 26.658 92.246
weapon_ttt_glock	-7580.354492 9371.064453 0.500408	-1.078 26.674 92.179
weapon_zm_pistol	-10960.098633 7598.222656 256.315674	0.462 36.872 88.184
weapon_zm_pistol	-10958.118164 7566.051270 256.355957	0.181 36.832 89.196
weapon_zm_pistol	-10955.972656 7516.440430 256.337860	0.307 36.872 88.742
weapon_zm_pistol	-10955.519531 7495.640137 256.328278	0.374 36.884 88.502
weapon_zm_pistol	-10955.705078 7455.702637 256.357849	0.168 36.827 89.244
weapon_zm_pistol	-10958.457031 7404.882324 256.344604	0.260 36.861 88.911
weapon_zm_pistol	-10960.118164 7379.321289 256.322296	0.416 36.883 88.351
weapon_zm_pistol	-10959.399414 7349.674805 256.346252	0.249 36.861 88.953
weapon_zm_pistol	-4916.363770 7444.097168 -527.655884	-0.051 35.953 89.214
weapon_zm_pistol	-8073.064941 9380.106445 0.346329	-0.048 35.953 89.251
