# Trouble in Terrorist Town weapon/ammo placement overrides
# For map: ttt_slumcity_b2
# Exported by: niclas
setting:	replacespawns 1
ttt_random_weapon	1608.095581 -821.068237 -184.788971	1.751 4.927 -92.882	auto_ammo 2
ttt_random_weapon	1177.312622 -552.668701 -194.776535	1.611 4.920 -93.203	auto_ammo 2
ttt_random_weapon	428.240784 -767.897644 -194.796341	1.834 4.930 -92.691	auto_ammo 2
ttt_random_weapon	307.840820 -871.122986 -194.801331	1.890 4.927 -92.562	auto_ammo 2
ttt_random_weapon	-244.126358 -766.157593 -184.799561	1.173 4.482 -93.432	auto_ammo 2
ttt_random_weapon	-405.092651 -739.512756 -184.801331	1.890 4.927 -92.563	auto_ammo 2
ttt_random_weapon	-441.431091 -61.142391 -184.781906	1.671 4.924 -93.065	auto_ammo 2
ttt_random_weapon	135.675583 447.701599 -125.887383	0.631 9.587 -98.983	auto_ammo 2
ttt_random_weapon	-356.806061 1300.647949 -184.801331	1.890 4.927 -92.563	auto_ammo 2
ttt_random_weapon	-379.620178 1841.618164 -184.768555	1.520 4.913 -93.410	auto_ammo 2
ttt_random_weapon	-381.428650 2070.967773 -184.803635	1.916 4.929 -92.503	auto_ammo 2
ttt_random_weapon	-291.243011 1910.328247 -53.768700	1.158 -168.925 -93.823	auto_ammo 2
ttt_random_weapon	285.557098 2177.612305 -53.771954	1.559 4.758 -93.322	auto_ammo 2
ttt_random_weapon	286.216827 2049.517578 -53.790894	1.773 4.773 -92.832	auto_ammo 2
ttt_random_weapon	-83.205254 1679.962646 -14.354236	1.740 4.706 -92.906	auto_ammo 2
ttt_random_weapon	345.687805 1602.258057 -53.792091	1.786 4.774 -92.801	auto_ammo 2
ttt_random_weapon	1079.878174 1565.653931 -53.812866	1.981 5.707 -92.506	auto_ammo 2
ttt_random_weapon	1001.502991 1597.289307 -53.834480	2.211 5.690 -92.035	auto_ammo 2
ttt_random_weapon	855.870850 2200.024658 143.219864	1.651 4.923 -93.110	auto_ammo 2
ttt_random_weapon	814.177551 2079.966309 143.202271	1.850 4.928 -92.656	auto_ammo 2
ttt_random_weapon	1112.727173 1873.812622 143.206879	1.798 4.929 -92.775	auto_ammo 2
ttt_random_weapon	867.301392 1058.170654 266.204987	1.819 4.928 -92.725	auto_ammo 2
ttt_random_weapon	870.159119 1107.249512 266.216705	1.687 4.924 -93.029	auto_ammo 2
ttt_random_weapon	882.142273 1148.111328 266.194794	1.934 4.925 -92.462	auto_ammo 2
ttt_random_weapon	-162.057709 1174.425415 266.191437	1.971 4.920 -92.376	auto_ammo 2
ttt_random_weapon	-158.043030 942.647156 266.210480	1.757 4.928 -92.867	auto_ammo 2
ttt_random_weapon	502.207184 29.345844 266.219879	1.651 4.923 -93.110	auto_ammo 2
ttt_random_weapon	435.626099 34.662289 266.212677	1.732 4.927 -92.924	auto_ammo 2
ttt_random_weapon	338.046478 52.189129 266.212677	1.732 4.927 -92.924	auto_ammo 2
ttt_random_weapon	1269.609741 -106.648613 266.198669	1.890 4.927 -92.563	auto_ammo 2
ttt_random_weapon	1261.111450 -56.789150 266.219452	1.656 4.923 -93.099	auto_ammo 2
ttt_random_weapon	1281.435547 1135.480591 266.211029	1.751 4.927 -92.882	auto_ammo 2
ttt_random_weapon	1389.223022 1135.660034 266.212677	1.732 4.927 -92.924	auto_ammo 2
ttt_random_weapon	2338.411377 1201.292114 240.213730	1.720 4.926 -92.951	auto_ammo 2
ttt_random_weapon	2386.680908 855.239014 240.171555	2.147 5.696 -92.167	auto_ammo 2
ttt_random_weapon	2379.033447 824.099121 240.157639	2.294 5.679 -91.864	auto_ammo 2
ttt_random_weapon	2393.518311 13.206511 240.141434	1.982 36.957 -91.719	auto_ammo 2
ttt_random_weapon	2391.364746 -33.514072 240.214325	1.692 5.719 -93.101	auto_ammo 2
ttt_random_weapon	2500.110840 -80.167099 240.189697	1.991 4.921 -92.331	auto_ammo 2
ttt_random_weapon	1545.425049 694.518311 -114.779854	1.648 4.764 -93.117	auto_ammo 2
ttt_random_weapon	1652.950806 460.676880 -114.827293	2.134 5.695 -92.192	auto_ammo 2
ttt_random_weapon	1577.236694 266.290344 -114.779854	1.648 4.764 -93.117	auto_ammo 2
ttt_random_weapon	1428.786255 314.736267 -114.790306	1.766 4.772 -92.847	auto_ammo 2
ttt_random_weapon	1405.570557 411.790680 -114.821785	2.076 5.700 -92.312	auto_ammo 2
ttt_random_weapon	1307.166382 574.881958 -114.767136	1.494 5.726 -93.509	auto_ammo 2
ttt_random_weapon	1363.938843 688.023865 -114.764091	1.470 4.751 -93.526	auto_ammo 2
ttt_random_weapon	1483.700317 980.063171 -176.768387	1.518 4.755 -93.415	auto_ammo 2
ttt_random_weapon	1410.947876 974.790649 -176.800858	1.885 4.781 -92.575	auto_ammo 2
ttt_random_weapon	1568.139771 1850.487549 -184.781006	1.661 4.923 -93.088	auto_ammo 2
ttt_random_weapon	907.613953 1434.121094 -184.789536	1.757 4.928 -92.867	auto_ammo 2
ttt_random_weapon	457.108276 1944.288940 -184.786270	1.720 4.926 -92.952	auto_ammo 2
ttt_random_weapon	577.050293 1908.189697 -184.781006	1.661 4.923 -93.088	auto_ammo 2
ttt_random_weapon	-113.111443 1628.637451 -184.793961	1.807 4.775 -92.753	auto_ammo 2
ttt_random_weapon	-191.326965 1625.429199 -184.794601	1.814 4.776 -92.736	auto_ammo 2
ttt_random_weapon	-178.844696 2161.848389 -184.798676	1.860 4.779 -92.631	auto_ammo 2
ttt_random_weapon	75.942032 1868.657104 -184.786972	1.728 4.770 -92.933	auto_ammo 2
ttt_random_weapon	1534.519775 1465.383545 -184.786789	1.726 4.926 -92.938	auto_ammo 2
ttt_random_weapon	-559.158142 1436.800903 -184.802856	1.907 4.928 -92.523	auto_ammo 2
ttt_random_weapon	387.385742 771.531799 119.234344	1.487 4.752 -93.485	auto_ammo 2
ttt_random_weapon	417.174896 225.253098 119.196877	1.910 4.782 -92.516	auto_ammo 2
ttt_random_weapon	409.968018 -169.303070 119.172707	2.134 5.695 -92.192	auto_ammo 2
ttt_random_weapon	333.147888 -164.600906 119.188049	1.972 5.707 -92.526	auto_ammo 2
ttt_random_weapon	789.648804 -90.046196 159.563751	1.086 4.512 -94.421	auto_ammo 2
ttt_random_weapon	682.168579 105.988258 119.161819	2.303 4.930 -91.615	auto_ammo 2
ttt_random_weapon	182.832748 -53.169296 119.232559	1.508 4.977 -93.439	auto_ammo 2
ttt_random_weapon	-104.717674 63.392414 154.901901	1.890 5.712 -92.694	auto_ammo 2
ttt_random_weapon	100.800491 931.818481 119.196098	1.919 4.783 -92.496	auto_ammo 2
ttt_random_weapon	-60.086479 887.480408 119.225128	1.592 4.760 -93.246	auto_ammo 2
ttt_random_weapon	-113.843109 1079.672485 119.205399	1.814 4.776 -92.736	auto_ammo 2
ttt_random_weapon	1036.649170 1278.860840 120.619270	-3.019 -2.581 -36.473	auto_ammo 2
ttt_random_weapon	1072.859375 1311.741699 163.025589	5.327 -1.139 -1.940	auto_ammo 2
ttt_random_weapon	1645.124512 1197.723511 119.173843	2.122 5.695 -92.216	auto_ammo 2
ttt_random_weapon	1630.625488 1134.195190 119.204414	1.798 5.714 -92.884	auto_ammo 2
ttt_random_weapon	1191.855225 1141.607666 119.209389	1.745 5.717 -92.993	auto_ammo 2
ttt_random_weapon	1507.984375 879.693054 119.211105	1.726 5.716 -93.031	auto_ammo 2
ttt_random_weapon	407.646790 -88.140800 -175.782516	1.678 4.766 -93.049	auto_ammo 2
ttt_random_weapon	522.165222 -8.024212 -175.767426	1.507 4.754 -93.440	auto_ammo 2
ttt_random_weapon	693.781250 -962.821594 -194.796356	1.834 4.930 -92.691	auto_ammo 2
ttt_random_weapon	451.322021 1405.256104 -184.782349	1.676 4.924 -93.053	auto_ammo 2
ttt_random_weapon	57.494389 1420.776978 -184.807709	1.962 4.927 -92.398	auto_ammo 2
ttt_random_weapon	1752.414307 2187.229248 223.209717	1.766 4.708 -92.848	auto_ammo 2
ttt_random_weapon	1812.983887 2192.189697 223.192886	1.955 4.720 -92.413	auto_ammo 2
ttt_random_weapon	2428.363281 1805.316528 223.227142	1.569 4.686 -93.298	auto_ammo 2
ttt_random_weapon	2424.849121 1736.757446 223.238373	1.442 4.665 -93.590	auto_ammo 2
ttt_random_weapon	1608.566528 553.802856 266.211578	1.745 4.927 -92.896	auto_ammo 2
ttt_random_weapon	1595.623047 453.413727 266.230957	1.526 4.914 -93.397	auto_ammo 2
ttt_random_weapon	1612.425049 342.588043 266.231964	1.514 4.913 -93.423	auto_ammo 2
ttt_random_weapon	2719.915283 -173.266647 -184.811188	2.001 4.922 -92.308	auto_ammo 2
ttt_random_weapon	2624.737061 331.369781 -184.795029	1.819 4.928 -92.725	auto_ammo 2
ttt_random_weapon	2616.937012 459.950836 -184.795029	1.819 4.928 -92.725	auto_ammo 2
ttt_random_weapon	2614.594482 566.861084 -184.787872	1.738 4.926 -92.910	auto_ammo 2
ttt_random_weapon	2624.073242 1286.083862 -184.766434	1.496 4.911 -93.465	auto_ammo 2
ttt_random_weapon	1814.259644 171.493027 -184.797729	1.850 4.928 -92.656	auto_ammo 2
ttt_random_weapon	1807.653198 364.214844 -184.768555	1.520 4.913 -93.410	auto_ammo 2
ttt_random_weapon	1803.817261 831.541626 -184.776550	1.610 4.920 -93.203	auto_ammo 2
ttt_random_weapon	299.586365 1150.486694 360.208710	1.777 4.928 -92.822	auto_ammo 2
ttt_random_weapon	203.824142 1111.977661 360.199402	1.882 4.926 -92.582	auto_ammo 2
ttt_random_weapon	726.137939 1686.573608 143.223816	1.606 4.920 -93.213	auto_ammo 2
ttt_random_weapon	975.158691 1569.090332 -53.764961	1.471 5.725 -93.555	auto_ammo 2
ttt_playerspawn	2097.812012 1813.309570 222.538605	-0.074 -0.000 0.074
ttt_playerspawn	2243.260498 1803.775024 222.554581	-0.055 -0.000 0.055
ttt_playerspawn	2219.513184 97.378922 239.546524	-0.001 40.615 -0.170
ttt_playerspawn	1342.262085 941.754578 265.561646	-0.037 -0.000 0.037
ttt_playerspawn	1543.905762 891.724487 265.521027	-0.077 -0.000 0.077
ttt_playerspawn	517.781860 178.219818 265.548492	-0.132 -0.050 0.026
ttt_playerspawn	415.191406 549.257507 265.548981	-0.050 -0.000 0.050
ttt_playerspawn	235.807938 265.220612 -119.561508	0.669 -0.072 -0.251
ttt_playerspawn	907.665527 430.267883 -115.492432	-0.009 -0.000 0.009
ttt_playerspawn	879.309082 553.118591 -115.538902	0.014 0.000 0.014
ttt_playerspawn	812.037170 235.877548 -115.495003	-0.038 -0.000 0.038
ttt_playerspawn	816.197998 755.168396 -114.457565	-0.041 0.007 -3.331
ttt_playerspawn	394.666443 512.277161 118.514511	-0.034 -0.000 0.034
ttt_playerspawn	1672.626465 473.928650 118.599800	0.000 -0.008 0.000
ttt_playerspawn	2813.958740 1446.373047 -185.463013	-0.062 -0.000 0.062
ttt_playerspawn	2243.598877 -1004.781067 -195.487778	-0.086 -0.000 0.086
ttt_playerspawn	962.306946 -1036.183350 -195.459320	-0.058 -0.000 0.058
ttt_playerspawn	-500.769501 -527.179443 -195.459320	-0.058 -0.000 0.058
ttt_playerspawn	-477.837524 1478.904663 -185.451035	-0.050 -0.000 0.050
ttt_playerspawn	1563.471069 1754.263428 -185.441971	-0.041 -0.000 0.041
ttt_playerspawn	528.727783 1951.327271 -185.458435	-0.057 -0.000 0.057
ttt_playerspawn	-164.446823 2066.912842 -54.500912	-0.041 -0.000 0.041
ttt_playerspawn	1315.881958 1798.620361 142.517349	-0.081 -0.000 0.081
ttt_playerspawn	1270.799683 1240.119751 118.471184	-0.013 -0.000 0.013
ttt_playerspawn	527.234497 -66.871758 118.487541	-0.011 -0.000 0.011
ttt_playerspawn	32.687153 1153.265869 118.599800	-0.000 -176.505 0.000
ttt_playerspawn	51.650131 1139.881958 359.559265	-0.040 -0.000 0.040
item_ammo_revolver_ttt	517.394653 719.657471 -115.657433	0.453 0.064 0.050
item_ammo_revolver_ttt	472.051178 722.442871 -115.609665	0.462 0.057 0.031
item_ammo_revolver_ttt	495.209503 214.064804 -115.663353	0.452 0.066 0.053
item_ammo_revolver_ttt	514.419861 243.756760 -115.634651	0.458 0.060 0.041
item_ammo_revolver_ttt	740.865051 1015.602905 359.348175	0.454 0.062 0.049
item_ammo_revolver_ttt	760.186951 1001.121826 359.338593	0.452 0.065 0.053
item_ammo_revolver_ttt	1091.760498 2132.507813 142.387848	0.461 0.056 0.033
item_ammo_revolver_ttt	1064.905151 2101.715332 142.400467	0.464 0.055 0.028
item_ammo_revolver_ttt	2170.383057 1941.985474 222.336578	0.451 0.064 0.054
item_ammo_revolver_ttt	2145.074951 1935.990601 222.338577	0.451 0.064 0.053
item_ammo_revolver_ttt	2189.474854 682.978027 239.342514	0.452 0.062 0.051
item_ammo_revolver_ttt	2223.275879 688.285461 239.357071	0.455 0.060 0.045
item_ammo_revolver_ttt	2221.958496 638.599060 239.400482	0.464 0.055 0.028
item_ammo_revolver_ttt	941.425049 11.142983 265.374390	0.459 0.057 0.038
item_ammo_revolver_ttt	928.985840 44.142509 265.321686	0.448 0.068 0.059
item_ammo_revolver_ttt	1676.019531 447.361053 118.470284	0.478 -5.736 0.000
item_ammo_revolver_ttt	1677.856812 496.513763 118.470268	0.478 -0.007 -0.000
item_ammo_revolver_ttt	-120.215736 458.191376 -129.342926	6.235 0.271 10.147
item_ammo_revolver_ttt	-145.518845 493.056976 -123.034866	1.920 0.012 -0.066
item_ammo_revolver_ttt	-829.313049 -38.947392 -185.555481	0.473 0.054 0.010
item_ammo_revolver_ttt	-758.267212 -34.081184 -185.598480	0.464 0.055 0.027
item_ammo_revolver_ttt	1767.649902 -772.290344 -185.669617	0.450 0.068 0.056
item_ammo_revolver_ttt	1799.217163 -846.246277 -185.636292	0.457 0.058 0.043
item_ammo_revolver_ttt	1396.181030 1288.219849 118.426758	0.473 0.056 0.016
item_ammo_revolver_ttt	1406.461548 1269.149170 118.381744	0.469 0.058 0.032
item_ammo_revolver_ttt	401.859314 123.096092 138.414749	10.309 -0.154 15.322
item_ammo_revolver_ttt	396.650818 94.564285 140.880188	-2.432 -0.364 -14.656
item_ammo_revolver_ttt	1788.590698 254.328217 -185.659439	0.452 0.065 0.052
item_ammo_revolver_ttt	1789.424072 288.641449 -185.646408	0.455 0.060 0.047
item_ammo_revolver_ttt	2619.403076 902.789124 -133.701462	5.286 0.135 -0.064
item_ammo_revolver_ttt	2614.899414 51.078213 -133.370331	5.311 0.144 -0.067
item_ammo_revolver_ttt	2615.592285 27.170950 -133.418686	5.295 0.136 -0.065
item_ammo_revolver_ttt	-862.986450 -404.228943 -195.661392	0.452 0.065 0.053
item_ammo_revolver_ttt	-855.744324 -449.929108 -195.633118	0.457 0.058 0.041
weapon_zm_revolver	502.467102 736.890686 -114.094215	2.570 -20.511 -83.393
weapon_zm_revolver	529.578247 222.587204 -114.088310	2.554 -20.527 -83.543
weapon_zm_revolver	769.110168 1021.268372 360.895599	2.460 -20.338 -83.360
weapon_zm_revolver	1050.157349 2136.499756 143.914246	2.443 -20.368 -83.780
weapon_zm_revolver	2125.400635 1953.316772 223.941528	2.713 -20.119 -83.859
weapon_zm_revolver	2200.027832 662.684448 240.913345	2.444 -20.368 -83.759
weapon_zm_revolver	962.906311 39.633583 266.888153	2.467 -20.321 -83.193
weapon_zm_revolver	1701.892822 457.663971 119.911690	2.554 -20.526 -83.543
weapon_zm_revolver	-129.663940 480.716248 -124.505859	2.443 17.144 96.245
weapon_zm_revolver	-800.757324 9.854350 -184.078201	2.436 -20.381 -83.950
weapon_zm_revolver	1743.777588 -812.418701 -184.122910	2.477 -20.305 -82.945
weapon_zm_revolver	1403.855591 1297.153076 119.905602	2.254 -18.949 -84.397
weapon_zm_revolver	372.346375 111.481903 135.982269	0.247 25.351 85.559
weapon_zm_revolver	1806.132690 257.318909 -184.066483	2.425 -20.399 -84.215
weapon_zm_revolver	2627.721436 887.683044 -132.732101	6.500 -26.499 -85.973
weapon_zm_revolver	-840.096802 -419.702515 -194.119995	2.474 -20.308 -83.010
