# Trouble in Terrorist Town weapon/ammo placement overrides
# For map: ttt_yucatan
# Exported by: niclas
setting:	replacespawns 1
weapon_ttt_smokegrenade	156.665527 430.937531 -91.448822	3.633 -0.111 -3.723
weapon_ttt_smokegrenade	153.738312 412.773285 -91.485481	0.461 0.004 -0.085
weapon_ttt_smokegrenade	150.267303 402.885498 -91.466858	1.995 0.003 -1.818
weapon_ttt_smokegrenade	500.446320 -300.925720 -91.500740	0.305 0.003 0.124
weapon_ttt_smokegrenade	489.333344 -302.623718 -91.391861	2.120 -0.118 -2.166
weapon_ttt_smokegrenade	-135.035721 -2457.430908 4.514479	24.799 89.607 88.690
weapon_ttt_smokegrenade	-715.630981 -512.233459 -187.496002	0.274 0.003 0.094
ttt_random_weapon	53.175533 -2425.428955 7.220169	1.648 5.331 -93.118	auto_ammo 2
ttt_random_weapon	-96.873993 -2129.746826 7.166747	1.912 6.969 -92.126	auto_ammo 2
ttt_random_weapon	55.195442 -1931.745117 7.195862	1.922 3.324 -92.490	auto_ammo 2
ttt_random_weapon	-77.210495 -927.540344 -349.386963	4.003 3.360 -94.009	auto_ammo 2
ttt_random_weapon	-25.945574 -363.662506 -529.479004	-15.793 0.624 -86.353	auto_ammo 2
ttt_random_weapon	-633.836548 107.394005 -519.644104	13.731 0.851 -100.578	auto_ammo 2
ttt_random_weapon	-557.619812 -847.327576 -514.099304	16.642 -13.229 70.552	auto_ammo 2
ttt_random_weapon	-110.692490 760.867676 -524.211060	4.471 -18.973 -75.550	auto_ammo 2
ttt_random_weapon	124.762009 793.992798 -523.249023	16.009 -10.244 -77.981	auto_ammo 2
ttt_random_weapon	1089.204834 579.666016 -521.628906	-0.930 19.870 -106.926	auto_ammo 2
ttt_random_weapon	1194.593018 373.453003 -507.155487	2.418 6.665 -89.877	auto_ammo 2
ttt_random_weapon	507.839233 354.990723 -226.858963	7.682 -21.091 -96.504	auto_ammo 2
ttt_random_weapon	288.281677 94.670151 -224.593506	1.075 2.192 -102.075	auto_ammo 2
ttt_random_weapon	273.544617 -429.064667 -226.167877	3.512 4.885 -89.807	auto_ammo 2
ttt_random_weapon	-721.919189 -380.033478 -225.962189	3.943 -1.764 -92.175	auto_ammo 2
ttt_random_weapon	-1106.393799 -553.508545 -222.779709	1.646 4.922 -93.121	auto_ammo 2
ttt_random_weapon	-1693.146240 -410.513275 -223.887939	0.821 -21.393 -81.520	auto_ammo 2
ttt_random_weapon	-1692.285767 -605.913818 -206.807693	1.962 4.927 -92.398	auto_ammo 2
ttt_random_weapon	-2001.900146 -338.608551 -206.810303	1.991 4.921 -92.331	auto_ammo 2
ttt_random_weapon	-2020.954102 -112.138115 -206.793076	1.797 4.968 -92.776	auto_ammo 2
ttt_random_weapon	-1587.466919 190.187225 -199.660446	0.422 5.169 -87.933	auto_ammo 2
ttt_random_weapon	-1795.639648 621.259155 -227.628754	2.547 3.815 -96.043	auto_ammo 2
ttt_random_weapon	-2172.423828 926.033691 -224.182175	23.467 -19.371 -101.385	auto_ammo 2
ttt_random_weapon	-2178.924561 1037.195801 -223.256027	7.619 -1.119 -6.769	auto_ammo 2
ttt_random_weapon	-2515.591553 56.985939 -318.835815	-5.964 -20.144 88.001	auto_ammo 2
ttt_random_weapon	-2390.210693 94.553329 -222.758041	1.132 4.180 -95.322	auto_ammo 2
ttt_random_weapon	-2391.314453 343.072632 -222.756699	1.175 4.190 -95.004	auto_ammo 2
ttt_random_weapon	-2517.578125 263.366882 -206.426773	-0.815 -11.419 89.738	auto_ammo 2
ttt_random_weapon	-2713.803223 -454.766052 -223.448349	1.425 3.360 -96.459	auto_ammo 2
ttt_random_weapon	-2870.753418 -453.955017 -223.400406	1.985 11.229 -95.807	auto_ammo 2
ttt_random_weapon	-2957.986084 -956.228638 -222.666489	3.346 3.171 -92.412	auto_ammo 2
ttt_random_weapon	-2580.901123 -1129.382080 -226.666656	3.989 0.540 -99.477	auto_ammo 2
ttt_random_weapon	-2157.083496 -1121.769897 -221.243881	7.300 -22.697 -87.864	auto_ammo 2
ttt_random_weapon	-1860.354980 -1107.105957 -222.793121	1.798 4.929 -92.775	auto_ammo 2
ttt_random_weapon	-1517.893677 -1132.981323 -222.781448	1.666 4.923 -93.076	auto_ammo 2
ttt_random_weapon	-956.018494 -1023.538696 -222.791885	1.784 4.928 -92.806	auto_ammo 2
ttt_random_weapon	-1073.774170 -1363.593140 -222.802094	1.899 4.927 -92.543	auto_ammo 2
ttt_random_weapon	-1235.814331 -1477.234863 -222.792496	1.791 4.928 -92.791	auto_ammo 2
ttt_random_weapon	-357.233887 -1484.161499 -232.395874	-6.509 -10.164 90.234	auto_ammo 2
ttt_random_weapon	409.369049 -1458.540894 -223.169617	1.407 3.406 -92.030	auto_ammo 2
ttt_random_weapon	1053.183228 190.617447 -224.911377	2.347 2.866 -99.853	auto_ammo 2
ttt_random_weapon	614.912903 699.217712 -528.050415	-9.551 7.967 -101.605	auto_ammo 2
ttt_random_weapon	2374.425049 793.836304 -502.825958	-4.416 22.547 85.985	auto_ammo 2
ttt_random_weapon	2361.731445 1305.031982 -382.784241	1.698 4.925 -93.004	auto_ammo 2
ttt_random_weapon	2617.335449 1383.258911 -382.826080	2.168 1.979 -91.926	auto_ammo 2
ttt_random_weapon	2615.478271 208.454041 -292.018982	1.266 5.827 -93.470	auto_ammo 2
ttt_random_weapon	2605.898682 -109.079041 -295.127869	1.307 5.878 -93.893	auto_ammo 2
ttt_random_weapon	2419.359619 -347.500671 -277.559814	0.785 23.416 76.642	auto_ammo 2
ttt_random_weapon	2004.463623 -222.414291 -260.855469	9.988 -3.922 86.869	auto_ammo 2
ttt_random_weapon	1844.434204 558.360291 -517.456665	-6.295 18.602 80.159	auto_ammo 2
ttt_random_weapon	1876.802979 1287.819946 -531.952454	7.989 2.940 -92.194	auto_ammo 2
ttt_random_weapon	1669.463501 189.415390 -223.281143	2.548 3.906 -90.800	auto_ammo 2
ttt_random_weapon	-974.791443 777.132446 -190.783295	1.687 4.924 -93.029	auto_ammo 2
ttt_random_weapon	79.211777 718.010742 -190.783768	1.692 4.925 -93.016	auto_ammo 2
ttt_random_weapon	302.335541 799.264709 -190.763336	1.461 4.907 -93.546	auto_ammo 2
ttt_random_weapon	-1217.565918 144.903732 -190.797729	1.850 4.928 -92.656	auto_ammo 2
ttt_random_weapon	314.189850 -879.744324 -223.058167	0.925 0.679 -97.643	auto_ammo 2
ttt_random_weapon	456.553680 -483.951324 -158.777298	1.619 4.920 -93.184	auto_ammo 2
ttt_random_weapon	-246.581177 -494.946594 -190.782822	1.681 4.924 -93.041	auto_ammo 2
ttt_random_weapon	-504.384460 -332.321472 -220.765747	2.984 2.646 -89.674	auto_ammo 2
ttt_playerspawn	2720.530029 113.724365 -291.630280	-1.555 -0.074 0.581
ttt_playerspawn	2740.834473 -4.061910 -290.595245	-3.834 0.794 0.667
ttt_playerspawn	2609.495850 1389.500122 -383.400208	0.000 -0.000 0.000
ttt_playerspawn	1569.236694 492.563843 -506.674103	10.549 130.653 8.741
ttt_playerspawn	846.655029 274.499969 -159.456665	0.056 -0.000 -0.056
ttt_playerspawn	1551.965820 205.785767 -218.996521	-1.095 -0.976 4.630
ttt_playerspawn	422.058411 782.499023 -191.470016	-0.068 -0.000 0.068
ttt_playerspawn	-1194.205566 693.404907 -191.478989	-0.077 -0.000 0.077
ttt_playerspawn	-1723.084473 -555.379944 -207.462997	-0.062 -0.000 0.062
ttt_playerspawn	-2009.958862 120.406158 -207.481384	-0.080 -0.000 0.080
ttt_playerspawn	-2071.552979 1251.965942 -159.423431	-0.074 -28.779 -0.000
ttt_playerspawn	-2640.302490 837.212219 -319.453400	-0.052 -0.000 0.052
ttt_playerspawn	-2715.195313 -429.839233 -225.089767	-0.288 1.354 -2.570
ttt_playerspawn	-1950.278076 -1195.959473 -223.445236	-0.044 -0.000 0.044
ttt_playerspawn	-1041.502197 -1538.916992 -223.452591	-0.051 -0.000 0.051
ttt_playerspawn	-1177.627319 -1149.097656 -223.463959	-0.062 -0.000 0.062
ttt_playerspawn	95.151901 -2069.100342 6.615662	-4.998 0.066 -0.168
ttt_playerspawn	-81.463051 -2282.948975 6.520833	-0.020 141.796 0.246
ttt_playerspawn	21.709644 -480.626831 -506.488922	-4.490 1.461 -2.231
ttt_playerspawn	-394.457642 309.008636 -520.756897	0.816 0.359 -6.245
ttt_playerspawn	411.449097 -324.506866 -159.437546	-0.015 -0.000 0.015
ttt_playerspawn	-160.530853 -366.537109 -223.367218	0.299 -0.177 5.632
ttt_playerspawn	85.537163 -901.585449 -351.446899	0.012 0.167 0.199
weapon_zm_molotov	148.055405 429.858521 -91.416031	2.769 -0.130 -2.830
weapon_zm_molotov	146.483231 417.549683 -91.379982	1.767 -0.114 -1.801
weapon_zm_molotov	141.592789 406.752594 -91.483101	0.513 0.005 -0.148
weapon_zm_molotov	498.375580 -317.284424 -91.495491	0.337 0.003 0.076
weapon_zm_molotov	489.327759 -317.328308 -91.467690	1.693 0.008 -1.482
weapon_zm_molotov	113.407684 -1907.459595 4.576895	44.544 89.980 89.850
weapon_zm_molotov	-1871.181519 -530.312317 -203.476563	0.557 0.007 -0.257
weapon_zm_molotov	-1827.144165 -577.094421 -203.392761	2.179 -0.124 -2.243
weapon_zm_molotov	-2867.067383 -373.599121 -219.446777	3.619 -0.108 -3.733
weapon_ttt_confgrenade	138.313110 434.738342 -92.459007	0.171 -0.707 -1.497
weapon_ttt_confgrenade	140.506790 425.753754 -92.464020	0.179 -0.694 -1.567
weapon_ttt_confgrenade	137.530762 418.168243 -92.448166	0.154 -0.711 -1.347
weapon_ttt_confgrenade	499.909027 -308.824554 -92.479393	0.150 -0.210 1.052
weapon_ttt_confgrenade	489.702667 -310.720367 -92.459816	0.127 -0.221 0.891
weapon_ttt_confgrenade	125.678345 -1931.127563 4.298814	-62.121 -15.214 103.112
weapon_ttt_confgrenade	-2498.122559 -376.173828 -220.492599	1.695 0.144 -0.430
weapon_ttt_confgrenade	-2130.349121 -1047.561768 -214.336151	-2.984 1.305 -7.035
weapon_ttt_confgrenade	-1460.807251 -1318.527832 -220.474564	1.479 0.154 -0.375
weapon_ttt_confgrenade	-1500.536255 -1269.196411 -220.429642	0.940 0.136 -0.238
weapon_ttt_confgrenade	-1195.471191 -1042.742188 -220.460495	1.311 0.139 -0.332
weapon_ttt_confgrenade	-100.380333 -1234.838867 -220.465561	1.372 0.141 -0.348
item_ammo_revolver_ttt	157.207077 -2422.905029 6.388735	0.383 0.015 -0.018
item_ammo_revolver_ttt	141.333191 -2422.220947 6.063282	-4.468 0.768 -0.218
item_ammo_revolver_ttt	-157.209473 -1918.316895 6.214958	-3.260 -0.046 -0.785
item_ammo_revolver_ttt	-142.727432 -1926.008545 6.382713	0.460 0.056 0.035
item_ammo_revolver_ttt	-445.841949 -1065.749146 -526.216125	3.580 0.447 -1.370
item_ammo_revolver_ttt	-429.800049 -1066.100220 -527.744934	7.415 0.219 2.182
item_ammo_revolver_ttt	1036.494873 900.624756 -520.966431	7.127 -0.207 0.819
item_ammo_revolver_ttt	1018.619751 900.283691 -519.019592	7.129 -0.222 0.818
item_ammo_revolver_ttt	2297.201172 1390.882813 -383.639587	0.456 0.058 0.044
item_ammo_revolver_ttt	2292.891602 1374.589966 -383.653687	0.453 0.062 0.049
item_ammo_revolver_ttt	2968.084229 -93.837090 -191.624161	0.459 0.056 0.038
item_ammo_revolver_ttt	2945.762451 -86.891708 -191.673904	0.449 0.068 0.058
item_ammo_revolver_ttt	2966.173096 140.123932 -191.659439	0.452 0.065 0.052
item_ammo_revolver_ttt	2947.373535 143.065353 -191.676102	0.449 0.069 0.058
item_ammo_revolver_ttt	557.382690 420.935211 -223.692429	0.446 0.080 0.065
item_ammo_revolver_ttt	568.517761 415.754120 -223.612152	0.461 0.056 0.033
item_ammo_revolver_ttt	2021.129272 1363.473755 -526.860596	87.808 24.405 24.042
item_ammo_revolver_ttt	1998.287720 1358.141113 -525.878296	-72.022 159.856 178.096
weapon_zm_revolver	140.582489 -2399.849365 5.663291	-2.178 28.617 91.347
weapon_zm_revolver	-149.522812 -1937.281250 7.912421	2.445 -20.367 -83.738
weapon_zm_revolver	-442.057953 -1076.179810 -525.293030	8.463 -27.650 -86.461
weapon_zm_revolver	1026.232666 920.293884 -519.905823	-4.679 23.925 90.773
weapon_zm_revolver	2264.483154 1391.572266 -382.109283	2.465 -20.329 -83.250
weapon_zm_revolver	2944.423096 -71.474617 -190.128967	2.483 -20.294 -82.809
weapon_zm_revolver	2946.287598 127.018112 -190.083984	2.441 -20.373 -83.820
weapon_zm_revolver	552.948059 443.892212 -222.155060	2.221 -20.614 -83.392
weapon_zm_revolver	1979.346313 1371.291260 -532.825867	3.924 -25.302 -84.545
