# Trouble in Terrorist Town weapon/ammo placement overrides
# For map: ttt_minecraft_haven
# Exported by: Blockmaster2706
setting:	replacespawns 0
weapon_ttt_smokegrenade	2059.070068 2178.520020 404.734985	0.000 90.000 0.000
weapon_ttt_smokegrenade	2061.530029 1942.229980 404.734985	0.000 90.000 0.000
weapon_ttt_smokegrenade	1541.739990 661.080017 364.734985	0.000 90.000 0.000
weapon_ttt_smokegrenade	1060.800049 300.820007 524.734009	0.000 90.000 0.000
weapon_ttt_smokegrenade	452.480011 -2339.479980 284.734985	0.000 90.000 0.000
weapon_ttt_smokegrenade	-656.299988 -1540.969971 324.734985	0.000 90.000 0.000
ttt_random_weapon	397.890015 -1860.069946 729.372986	0.000 0.000 0.000	auto_ammo 2
ttt_random_weapon	-1076.920044 -901.859985 529.372986	0.000 0.000 0.000	auto_ammo 2
ttt_random_weapon	-957.520020 -898.599976 529.372986	0.000 0.000 0.000	auto_ammo 2
ttt_random_weapon	-1296.650024 -358.429993 689.372986	0.000 0.000 0.000	auto_ammo 2
ttt_random_weapon	-1200.969971 179.910004 689.372986	0.000 0.000 0.000	auto_ammo 2
ttt_random_weapon	-1298.319946 -0.970210 689.372986	0.000 0.000 0.000	auto_ammo 2
ttt_random_weapon	-567.219971 -1142.329956 329.372986	0.000 0.000 0.000	auto_ammo 2
ttt_random_weapon	1476.660034 -1381.869995 329.372986	0.000 0.000 0.000	auto_ammo 2
ttt_random_weapon	-262.410004 -498.079987 809.372986	0.000 0.000 0.000	auto_ammo 2
ttt_random_weapon	360.781006 420.415985 729.372986	0.000 0.000 0.000	auto_ammo 2
ttt_random_weapon	1219.170044 -1139.260010 569.372986	0.000 0.000 0.000	auto_ammo 2
ttt_random_weapon	1020.469971 -1019.679993 649.372986	0.000 0.000 0.000	auto_ammo 2
ttt_random_weapon	1099.209961 -779.455017 529.372986	0.000 0.000 0.000	auto_ammo 2
ttt_random_weapon	356.670990 -1910.060059 849.372986	0.000 0.000 0.000	auto_ammo 2
ttt_random_weapon	-939.403015 222.087997 809.372986	0.000 0.000 0.000	auto_ammo 2
ttt_random_weapon	-1016.140015 -786.672974 689.372986	0.000 0.000 0.000	auto_ammo 2
ttt_random_weapon	-243.035004 -942.648987 729.372986	0.000 0.000 0.000	auto_ammo 2
ttt_random_weapon	1137.359985 1777.489990 289.372986	0.000 0.000 0.000	auto_ammo 2
ttt_random_weapon	601.775024 767.130005 289.372986	0.000 0.000 0.000	auto_ammo 2
ttt_random_weapon	-105.103996 -1941.849976 329.372986	0.000 0.000 0.000	auto_ammo 2
ttt_random_weapon	-1478.780029 -141.785004 369.372986	0.000 0.000 0.000	auto_ammo 2
ttt_random_weapon	2000.989990 1942.500000 409.372986	0.000 0.000 0.000	auto_ammo 2
ttt_random_weapon	1995.459961 2176.820068 409.372986	0.000 0.000 0.000	auto_ammo 2
ttt_random_weapon	-82.154297 -700.114990 1689.369995	0.000 0.000 0.000	auto_ammo 2
ttt_random_weapon	1235.599976 299.114990 649.372986	0.000 0.000 0.000	auto_ammo 2
weapon_ttt_m16	20.000000 1196.000000 284.683014	0.000 90.000 0.000
weapon_ttt_m16	1668.000000 -780.000000 284.683014	0.000 0.000 0.000
weapon_ttt_m16	-293.910004 99.934700 1164.680054	0.000 0.000 0.000
ttt_random_ammo	1005.320007 2076.270020 276.001007	0.000 90.000 0.000
ttt_random_ammo	1069.670044 2049.620117 276.001007	0.000 90.000 0.000
ttt_random_ammo	1241.989990 2069.129883 276.001007	0.000 90.000 0.000
ttt_random_ammo	1282.959961 2011.390015 276.001007	0.000 90.000 0.000
ttt_random_ammo	1432.020020 2100.189941 276.001007	0.000 90.000 0.000
ttt_random_ammo	1547.579956 2013.900024 276.001007	0.000 90.000 0.000
ttt_random_ammo	1698.709961 2100.909912 276.001007	0.000 90.000 0.000
ttt_random_ammo	1787.099976 2022.280029 276.001007	0.000 90.000 0.000
ttt_random_ammo	1857.040039 2090.750000 276.001007	0.000 90.000 0.000
ttt_random_ammo	1944.449951 2046.150024 276.001007	0.000 90.000 0.000
ttt_random_ammo	1439.719971 1943.689941 280.001007	0.000 90.000 0.000
ttt_random_ammo	1939.319946 1940.599976 280.001007	0.000 90.000 0.000
ttt_random_ammo	1206.800049 2181.280029 280.001007	0.000 90.000 0.000
ttt_random_ammo	-476.899994 925.289978 280.001007	0.000 0.000 0.000
ttt_random_ammo	614.010010 747.289978 280.001007	0.000 0.000 0.000
ttt_random_ammo	-366.299988 -2085.750000 280.001007	0.000 0.000 0.000
ttt_random_ammo	-1503.079956 539.020020 280.001007	0.000 0.000 0.000
ttt_random_ammo	-77.250000 1673.199951 280.001007	0.000 0.000 0.000
ttt_random_ammo	-101.410004 -378.720001 1680.000000	0.000 0.000 0.000
ttt_random_ammo	1579.229980 1740.630005 280.001007	0.000 90.000 0.000
ttt_random_ammo	1659.650024 1818.849976 300.001007	0.000 90.000 0.000
ttt_random_ammo	1619.359985 1541.650024 280.001007	0.000 90.000 0.000
ttt_random_ammo	1501.969971 1463.589966 280.001007	0.000 90.000 0.000
ttt_random_ammo	982.929993 1740.760010 280.001007	0.000 90.000 0.000
ttt_random_ammo	863.400024 1815.550049 280.001007	0.000 90.000 0.000
ttt_random_ammo	-92.790001 1655.810059 280.001007	0.000 0.000 0.000
ttt_random_ammo	-72.528801 1634.280029 280.001007	0.000 0.000 0.000
ttt_random_ammo	-91.343002 1612.030029 280.001007	0.000 0.000 0.000
ttt_random_ammo	-75.867203 1591.709961 280.001007	0.000 0.000 0.000
ttt_random_ammo	-118.942001 1674.420044 280.001007	0.000 0.000 0.000
ttt_random_ammo	-580.375977 -219.095993 1040.000000	0.000 90.000 0.000
ttt_random_ammo	1106.910034 1488.099976 276.001007	0.000 90.000 0.000
ttt_random_ammo	1428.030029 1297.829956 276.001007	0.000 90.000 0.000
ttt_random_ammo	1417.010010 1777.650024 280.001007	0.000 90.000 0.000
ttt_random_ammo	851.711975 1822.099976 280.001007	0.000 90.000 0.000
ttt_random_ammo	1257.969971 1942.670044 280.001007	0.000 90.000 0.000
ttt_random_ammo	1490.520020 2074.850098 276.001007	0.000 90.000 0.000
ttt_random_ammo	1855.670044 2049.919922 276.001007	0.000 90.000 0.000
ttt_random_ammo	1320.160034 2099.879883 276.001007	0.000 90.000 0.000
ttt_random_ammo	21.405701 -707.390015 1200.000000	0.000 0.000 0.000
ttt_random_ammo	743.788269 707.765503 280.409332	1.679 0.033 2.017
ttt_random_ammo	1059.254883 844.658936 280.346771	0.048 0.000 -0.017
ttt_random_ammo	1457.601440 872.620483 280.377808	0.145 0.001 0.117
ttt_random_ammo	1293.303711 1079.735352 280.351166	0.051 0.000 -0.011
ttt_random_ammo	1247.650757 984.255737 280.384003	0.232 0.001 0.226
ttt_random_ammo	1657.983765 331.536865 280.361511	0.063 -0.000 -0.009
ttt_random_ammo	1659.828247 -2.992274 280.344513	0.047 0.000 -0.019
ttt_random_ammo	1286.284546 -231.966431 280.422180	1.394 0.032 1.670
ttt_random_ammo	1329.306396 -663.402466 280.445831	0.958 0.026 1.151
ttt_random_ammo	1880.946777 -903.828552 280.335175	0.045 0.000 -0.026
ttt_random_ammo	1682.444824 -1122.427612 280.355408	0.055 0.000 -0.004
ttt_random_ammo	1327.031006 -1662.448120 280.382538	0.205 0.001 0.192
ttt_random_ammo	871.457764 -2054.217773 280.453094	0.826 0.024 0.992
ttt_random_ammo	512.627625 -2353.756104 280.335175	0.045 0.000 -0.026
ttt_random_ammo	176.278168 -2581.338379 280.335175	0.045 0.000 -0.026
ttt_random_ammo	-170.269608 -2437.918213 280.329895	0.201 0.038 0.179
ttt_random_ammo	-179.423508 -1828.736694 280.386780	0.299 0.002 0.308
ttt_random_ammo	-559.095215 -1566.340820 280.353302	0.052 0.000 -0.008
ttt_random_ammo	-606.037354 -1235.133789 280.454926	0.789 0.023 0.948
ttt_random_ammo	-1129.116821 -1318.808350 280.425873	1.360 0.031 1.634
ttt_random_ammo	-1395.000366 -1036.371338 280.372681	0.103 -0.000 -0.064
ttt_random_ammo	-1484.977905 -758.865967 280.322662	0.045 0.000 -0.032
ttt_random_ammo	-1796.773804 -385.091553 280.368683	0.196 -0.357 0.583
ttt_random_ammo	-1650.766968 52.414646 280.394653	0.879 0.010 1.017
ttt_random_ammo	-1664.375122 261.537140 280.351959	-0.051 -0.000 -0.011
ttt_random_ammo	-1003.680969 512.443481 280.466614	0.557 0.020 0.669
ttt_random_ammo	-644.130676 671.775146 280.337585	0.045 0.000 -0.024
weapon_zm_rifle	1568.000000 2052.000000 921.958008	0.000 90.000 0.000
weapon_zm_rifle	-787.500000 1591.300049 321.958008	0.000 90.000 0.000
weapon_zm_rifle	-105.150002 -690.010010 1201.959961	0.000 90.000 0.000
weapon_zm_rifle	140.507004 -315.440002 2361.959961	0.000 90.000 0.000
weapon_zm_mac10	488.000000 2052.000000 429.372986	0.000 0.000 0.000
weapon_zm_mac10	1493.760010 661.390015 364.471008	0.000 0.000 0.000
weapon_zm_mac10	992.059998 297.790009 524.471008	0.000 0.000 0.000
weapon_zm_mac10	553.559998 -1918.410034 684.471008	0.000 0.000 0.000
item_ammo_357_ttt	1580.000000 2048.000000 920.276001	0.000 0.000 0.000
item_ammo_357_ttt	1580.000000 2072.000000 920.276001	0.000 0.000 0.000
item_ammo_357_ttt	-775.500000 1611.300049 320.276001	0.000 0.000 0.000
item_ammo_357_ttt	-775.500000 1587.300049 320.276001	0.000 0.000 0.000
item_ammo_357_ttt	-93.150002 -670.010010 1200.280029	0.000 0.000 0.000
item_ammo_357_ttt	-93.150002 -694.010010 1200.280029	0.000 0.000 0.000
item_ammo_357_ttt	120.309578 -310.751434 2360.330322	0.450 0.068 0.056
item_ammo_357_ttt	108.693199 -287.449921 2360.368408	0.458 0.057 0.041
weapon_zm_molotov	-99.779999 940.130005 284.734985	0.000 0.000 0.000
weapon_zm_molotov	-298.549988 902.479980 284.734985	0.000 0.000 0.000
weapon_zm_molotov	-581.530029 779.729980 284.734985	0.000 0.000 0.000
weapon_zm_molotov	-100.230003 420.880005 684.734009	0.000 0.000 0.000
weapon_zm_molotov	-463.079987 441.529999 684.734009	0.000 0.000 0.000
weapon_zm_molotov	-18.620100 -49.009800 1124.729980	0.000 0.000 0.000
weapon_zm_molotov	-18.799801 -302.470001 1644.729980	0.000 0.000 0.000
weapon_zm_molotov	20.730000 -343.369995 1644.729980	0.000 0.000 0.000
weapon_zm_molotov	-136.850006 -657.169983 764.734009	0.000 0.000 0.000
weapon_zm_molotov	-265.489990 -262.989990 764.734009	0.000 0.000 0.000
weapon_zm_molotov	580.840027 -498.399994 1484.729980	0.000 0.000 0.000
weapon_zm_molotov	-781.150024 -1457.839966 404.734009	0.000 0.000 0.000
weapon_zm_molotov	140.968002 -336.299011 2364.729980	0.000 0.000 0.000
weapon_zm_molotov	100.003998 -339.173004 2404.729980	0.000 0.000 0.000
weapon_zm_molotov	182.593994 -218.123993 2404.729980	0.000 0.000 0.000
weapon_zm_molotov	260.748993 -379.250000 2404.729980	0.000 0.000 0.000
weapon_zm_molotov	298.622986 -300.694000 2484.729980	0.000 0.000 0.000
weapon_zm_molotov	619.640015 -1021.250000 924.734009	0.000 0.000 0.000
weapon_ttt_confgrenade	1538.170044 651.880005 363.487000	0.000 0.000 0.000
weapon_ttt_confgrenade	1482.160034 687.229980 323.487000	0.000 0.000 0.000
weapon_ttt_confgrenade	1057.250000 294.670013 523.487000	0.000 0.000 0.000
weapon_ttt_confgrenade	1262.609985 -1105.369995 443.487000	0.000 0.000 0.000
weapon_ttt_confgrenade	1253.739990 -1097.540039 443.487000	0.000 0.000 0.000
weapon_ttt_confgrenade	1266.859985 -1092.589966 443.487000	0.000 0.000 0.000
weapon_ttt_confgrenade	607.679993 -1268.750000 963.487000	0.000 0.000 0.000
weapon_ttt_confgrenade	608.020020 -1250.000000 963.487000	0.000 0.000 0.000
weapon_ttt_confgrenade	607.659973 -1259.609985 963.487000	0.000 0.000 0.000
weapon_ttt_confgrenade	-459.230011 -1775.959961 363.487000	0.000 0.000 0.000
weapon_ttt_confgrenade	-818.510010 -1342.849976 363.487000	0.000 0.000 0.000
weapon_ttt_confgrenade	-740.020020 -1147.439941 363.487000	0.000 0.000 0.000
weapon_ttt_confgrenade	-457.649994 -1223.619995 403.487000	0.000 0.000 0.000
weapon_ttt_confgrenade	-342.519989 -1377.359985 363.487000	0.000 0.000 0.000
item_ammo_revolver_ttt	738.750000 -28.750000 760.276001	0.000 0.000 0.000
item_ammo_revolver_ttt	50.301853 -385.042725 2480.340576	0.452 0.065 0.052
item_ammo_revolver_ttt	57.505932 -366.926636 2480.360596	0.456 0.058 0.044
weapon_zm_shotgun	131.669998 -300.309998 1642.489990	0.000 0.000 0.000
weapon_zm_shotgun	-900.000000 0.000000 322.489014	0.000 90.000 0.000
weapon_zm_sledge	1110.839966 1061.349976 283.858002	0.000 0.000 0.000
weapon_zm_sledge	2100.000000 2024.000000 563.857971	0.000 90.000 0.000
weapon_zm_sledge	630.030029 -1261.180054 963.857971	0.000 0.000 0.000
weapon_zm_sledge	-506.839996 -342.230011 763.857971	0.000 0.000 0.000
weapon_zm_revolver	2072.919922 -779.789978 281.997986	0.000 0.000 0.000
weapon_zm_revolver	733.090027 -41.129902 761.997986	0.000 0.000 0.000
weapon_zm_revolver	66.381973 -381.258331 2481.922607	2.435 -20.382 -83.967
weapon_ttt_glock	1414.469971 1178.280029 281.932007	0.000 0.000 0.000
weapon_ttt_glock	1293.939941 2059.439941 401.932007	0.000 0.000 0.000
weapon_ttt_glock	1454.500000 2059.800049 401.932007	0.000 0.000 0.000
weapon_ttt_glock	2096.229980 2099.189941 561.932007	0.000 0.000 0.000
weapon_ttt_glock	-1183.910034 -377.839996 321.932007	0.000 0.000 0.000
weapon_ttt_glock	1731.160034 1860.000000 121.931999	0.000 0.000 0.000
weapon_zm_pistol	933.559998 1858.489990 281.722992	0.000 0.000 0.000
weapon_zm_pistol	1695.060059 1619.859985 281.722992	0.000 0.000 0.000
weapon_zm_pistol	1413.750000 1578.500000 281.722992	0.000 0.000 0.000
weapon_zm_pistol	1094.920044 2058.840088 401.722992	0.000 0.000 0.000
weapon_zm_pistol	1574.089966 2060.290039 401.722992	0.000 0.000 0.000
weapon_zm_pistol	533.619995 -1460.050049 961.723022	0.000 0.000 0.000
