# Trouble in Terrorist Town weapon/ammo placement overrides
# For map: ttt_alps
# Exported by: niclas
setting:	replacespawns 1
weapon_ttt_smokegrenade	-1939.592407 -246.442657 -359.884979	1.419 -77.538 -116.632
weapon_ttt_smokegrenade	-1375.288696 -707.327576 -359.321381	-32.012 -148.717 -105.472
weapon_ttt_smokegrenade	-880.834106 -1634.060547 -8.605679	-2.829 2.563 -5.076
weapon_ttt_smokegrenade	-1378.545654 -1249.154663 64.531265	4.549 -0.256 -0.309
weapon_ttt_smokegrenade	-2406.265381 -1325.342529 6.367922	-4.845 -0.131 -3.134
weapon_ttt_smokegrenade	-2276.468750 -888.152771 4.513822	0.344 0.005 -0.034
weapon_ttt_smokegrenade	-472.169800 -1028.795288 10.723969	-6.461 -4.188 1.359
weapon_ttt_smokegrenade	-95.706383 -1240.920288 54.675571	-2.409 1.927 8.286
weapon_ttt_smokegrenade	1750.480347 -622.965637 133.916138	80.586 143.009 -90.970
ttt_random_weapon	2305.758057 2389.217529 145.218399	12.888 2.354 -92.276	auto_ammo 2
ttt_random_weapon	2307.130371 2567.357422 150.386154	7.387 3.586 -88.973	auto_ammo 2
ttt_random_weapon	1725.211792 678.670288 149.518417	0.237 3.246 -92.274	auto_ammo 2
ttt_random_weapon	1828.353638 691.779541 150.893402	1.461 4.232 -92.509	auto_ammo 2
ttt_random_weapon	1160.608398 207.694992 143.737396	6.089 4.061 -89.786	auto_ammo 2
ttt_random_weapon	1471.973755 -420.392395 144.271301	-1.803 -10.362 87.681	auto_ammo 2
ttt_random_weapon	1429.027466 -1200.887573 134.546555	1.721 4.145 -92.472	auto_ammo 2
ttt_random_weapon	1459.374268 139.610992 197.825912	0.829 5.216 -93.266	auto_ammo 2
ttt_random_weapon	1393.694580 124.211655 196.918106	0.692 5.212 -93.734	auto_ammo 2
ttt_random_weapon	1425.649170 114.567421 197.550888	0.952 5.217 -92.844	auto_ammo 2
ttt_random_weapon	951.252808 736.842712 132.437881	3.413 2.795 -94.741	auto_ammo 2
ttt_random_weapon	584.112061 -605.226196 -188.995407	-1.653 2.389 -98.539	auto_ammo 2
ttt_random_weapon	-768.557312 -263.713715 -266.500366	-10.022 7.062 -95.151	auto_ammo 2
ttt_random_weapon	-1498.853271 317.492737 -358.705383	-0.907 3.063 -98.175	auto_ammo 2
ttt_random_weapon	-1721.693726 920.350525 -347.376740	2.060 -18.045 -85.979	auto_ammo 2
ttt_random_weapon	-1819.361206 759.180725 -356.688416	4.222 2.920 -91.759	auto_ammo 2
ttt_random_weapon	-674.244568 338.551880 -346.260803	-12.598 -2.431 89.087	auto_ammo 2
ttt_random_weapon	-166.669876 -167.650970 -351.229584	-7.561 -11.203 96.396	auto_ammo 2
ttt_random_weapon	-1431.710327 -32.008434 257.204742	1.822 4.776 -92.719	auto_ammo 2
ttt_random_weapon	-1445.817261 -4.375972 257.213562	1.722 4.770 -92.947	auto_ammo 2
ttt_random_weapon	-1451.177490 29.615171 257.206024	1.807 4.775 -92.753	auto_ammo 2
ttt_random_weapon	-2011.054321 -4.996303 257.205719	1.784 5.716 -92.912	auto_ammo 2
ttt_random_weapon	-1615.627563 160.421677 257.230743	2.204 6.028 -89.090	auto_ammo 2
ttt_random_weapon	-1608.842285 157.057526 257.877319	-1.351 4.486 -80.395	auto_ammo 2
ttt_random_weapon	-1975.482300 -10.554783 129.205399	1.814 4.776 -92.736	auto_ammo 2
ttt_random_weapon	-2140.223389 267.535156 129.213547	1.722 4.769 -92.947	auto_ammo 2
ttt_random_weapon	-2154.824463 41.187138 257.703857	-1.805 -22.965 85.867	auto_ammo 2
ttt_random_weapon	-2067.112061 -155.355164 129.211395	1.747 4.771 -92.891	auto_ammo 2
ttt_random_weapon	-1874.805176 -567.592834 6.393385	-4.404 2.411 -92.202	auto_ammo 2
ttt_random_weapon	-2142.300049 -1118.796143 1.218522	1.666 5.338 -93.075	auto_ammo 2
ttt_random_weapon	-2079.148682 -987.427551 1.219833	1.651 5.337 -93.109	auto_ammo 2
ttt_random_weapon	-2317.852051 -319.852417 1.206578	1.801 4.609 -92.767	auto_ammo 2
ttt_random_weapon	-2399.652100 -1210.213745 -3.044294	2.143 5.489 -96.229	auto_ammo 2
ttt_random_weapon	-1307.541382 -1322.305908 62.129086	2.156 3.650 -95.182	auto_ammo 2
ttt_random_weapon	-1284.449829 -1657.790283 22.856218	8.924 5.351 -92.612	auto_ammo 2
ttt_random_weapon	-1363.076782 1368.541748 144.977600	2.503 3.061 -89.862	auto_ammo 2
ttt_random_weapon	-849.101685 1231.647827 89.656822	15.396 9.436 -92.106	auto_ammo 2
ttt_random_weapon	-1014.934143 832.427979 141.446075	-0.123 5.196 -93.641	auto_ammo 2
ttt_random_weapon	-1993.588135 851.343079 86.383842	-2.754 -14.301 93.956	auto_ammo 2
ttt_random_weapon	-2088.312500 2718.774658 218.475067	7.987 -20.388 -81.890	auto_ammo 2
ttt_random_weapon	-2060.055908 2708.957764 217.172287	8.203 -22.841 -82.148	auto_ammo 2
ttt_random_weapon	-1511.156250 4242.195801 281.892914	1.268 6.170 -91.883	auto_ammo 2
ttt_random_weapon	103.042320 4990.749512 193.226151	1.580 4.759 -93.273	auto_ammo 2
ttt_random_weapon	271.299622 5001.767578 193.204086	1.829 4.777 -92.702	auto_ammo 2
ttt_random_weapon	531.381714 4512.149902 106.124283	13.706 2.887 -91.742	auto_ammo 2
ttt_random_weapon	187.423096 4029.971924 50.280712	-4.196 -7.109 99.454	auto_ammo 2
ttt_random_weapon	1696.499023 4829.991699 186.233475	-2.203 7.205 -98.913	auto_ammo 2
ttt_random_weapon	1769.376709 4414.516602 179.715637	-3.838 -9.667 94.207	auto_ammo 2
ttt_random_weapon	2128.284424 4488.691895 256.976990	-17.346 -6.371 95.405	auto_ammo 2
ttt_random_weapon	1244.932983 4812.465332 131.548492	-9.677 4.294 -95.848	auto_ammo 2
ttt_random_weapon	-463.124573 3522.177002 261.859406	24.892 12.357 -95.391	auto_ammo 2
ttt_random_weapon	-353.736633 2920.497559 4.652160	-11.315 3.104 -101.137	auto_ammo 2
ttt_random_weapon	957.466614 4059.391602 10.608679	5.003 21.147 81.342	auto_ammo 2
ttt_random_weapon	2253.824463 3174.393311 112.086380	3.470 22.224 76.550	auto_ammo 2
ttt_random_weapon	2200.436523 3606.318115 107.115547	1.917 6.226 -92.597	auto_ammo 2
ttt_random_weapon	2924.581299 2457.513916 150.128967	1.194 10.100 -95.877	auto_ammo 2
ttt_random_weapon	2909.603760 2435.529053 150.963135	0.583 3.408 -95.677	auto_ammo 2
ttt_random_weapon	2895.296387 2353.624756 153.177399	0.584 5.097 -95.395	auto_ammo 2
ttt_random_weapon	2892.991699 2344.016357 153.474899	-0.144 5.353 -96.241	auto_ammo 2
ttt_playerspawn	3053.305420 2372.794434 154.637863	-0.453 -0.082 -2.385
ttt_playerspawn	2123.731201 3489.047119 102.811150	-8.327 0.040 -0.008
ttt_playerspawn	2202.716309 3489.238525 104.827599	-0.003 -0.077 1.032
ttt_playerspawn	1522.304077 4740.751953 177.636215	-7.220 1.711 -0.116
ttt_playerspawn	1778.518799 4820.650391 191.644135	-1.677 -41.963 -0.985
ttt_playerspawn	201.074646 4747.916992 192.521912	0.031 0.000 0.031
ttt_playerspawn	235.655884 4381.054199 127.303482	-2.481 -4.723 9.775
ttt_playerspawn	-1044.434448 1242.386963 132.629700	1.066 0.010 1.073
ttt_playerspawn	-1703.397583 1085.080200 122.954750	-1.683 -0.528 3.268
ttt_playerspawn	-1909.426514 276.858978 128.505005	-0.038 -0.000 0.038
ttt_playerspawn	-1815.193970 -7.405893 256.557953	0.166 0.141 0.112
ttt_playerspawn	-2137.948486 -787.513184 0.533801	-0.080 -0.000 0.080
ttt_playerspawn	-1372.788452 -1292.707764 60.254467	-0.398 -0.004 -0.489
ttt_playerspawn	-1279.927490 -129.225311 133.268646	-4.155 -0.075 -2.034
ttt_playerspawn	-892.354248 -733.556030 131.321030	-0.326 -0.506 2.588
ttt_playerspawn	876.259888 -974.008301 161.452942	5.199 1.632 -0.469
ttt_playerspawn	1820.427246 36.270065 158.073715	-0.727 -0.123 -1.467
ttt_playerspawn	963.942261 657.573669 131.730347	1.614 -0.041 -0.393
ttt_playerspawn	-702.481323 238.892395 -353.112915	-9.278 1.571 -2.918
ttt_playerspawn	-1821.327637 202.998825 -364.607971	2.393 0.002 -0.533
ttt_playerspawn	-1821.887695 -344.779816 -357.222321	8.506 172.042 -1.216
ttt_playerspawn	-1358.006714 801.489563 -364.766693	-5.489 0.975 2.913
weapon_zm_molotov	323.688721 4942.478516 196.625198	1.616 -0.112 -1.648
weapon_zm_molotov	317.009155 4945.077637 196.524078	0.752 0.010 -0.436
weapon_zm_molotov	-1927.588379 2679.939941 219.529312	21.448 -52.606 96.236
weapon_zm_molotov	-1491.605347 1097.137085 136.736099	2.350 -0.150 4.658
weapon_zm_molotov	-2031.096313 -98.639221 132.514908	0.458 0.004 -0.092
weapon_zm_molotov	-1827.528809 146.481720 260.602661	2.316 -0.126 -2.386
weapon_zm_molotov	-1406.122314 -1338.754761 62.302624	25.929 -5.992 85.413
weapon_zm_molotov	-1278.658325 -1772.087891 24.410595	-26.540 -7.121 -100.168
weapon_zm_molotov	-885.753357 -695.720398 -330.658539	1.839 -85.817 94.510
weapon_zm_molotov	-2037.342285 27.390411 -348.781586	-40.797 -25.608 91.553
weapon_zm_molotov	1980.383423 -893.689880 142.166306	-83.507 -136.086 108.378
weapon_ttt_confgrenade	-59.679283 4681.177734 195.616425	-2.284 -2.767 -3.388
weapon_ttt_confgrenade	-56.577042 4668.672363 194.043152	-12.728 -0.095 94.446
weapon_ttt_confgrenade	-57.193424 4661.214355 194.033691	-10.626 -20.021 93.591
weapon_ttt_confgrenade	-55.134186 4655.706055 194.012680	-15.495 -20.232 94.948
weapon_ttt_confgrenade	-58.895489 4654.711914 195.648102	-0.066 6.124 -0.031
weapon_ttt_confgrenade	-52.195831 4674.918457 194.122009	84.143 92.621 -162.758
weapon_ttt_confgrenade	-49.313747 4668.396973 194.104446	82.837 -122.102 -158.574
weapon_ttt_confgrenade	-50.585365 4663.195313 195.566849	1.092 0.215 0.939
weapon_ttt_confgrenade	-46.983677 4655.484863 194.157257	87.765 -148.677 180.000
item_ammo_revolver_ttt	-879.281555 492.371185 150.636200	-4.768 -0.265 9.541
item_ammo_revolver_ttt	-869.783813 503.283844 153.364090	-4.874 -0.289 9.329
item_ammo_revolver_ttt	-2242.285889 -1046.961426 0.348159	0.453 0.061 0.049
item_ammo_revolver_ttt	-2225.972900 -1048.617432 0.294326	0.697 -0.011 -0.050
item_ammo_revolver_ttt	-2417.477539 -1473.411011 9.114665	-8.792 -0.149 -1.365
item_ammo_revolver_ttt	-2432.392578 -1461.006348 6.622698	-8.276 0.075 -1.401
item_ammo_revolver_ttt	-1213.068604 -1224.850586 63.966667	-1.272 0.261 2.617
item_ammo_revolver_ttt	-1215.477661 -1235.419189 63.423981	-2.551 0.246 2.002
item_ammo_revolver_ttt	-1197.561035 -1240.819336 63.874355	-1.563 -0.004 2.261
item_ammo_revolver_ttt	-828.809265 -318.772186 175.293625	2.687 0.063 0.027
item_ammo_revolver_ttt	-843.060913 -317.656006 175.837692	3.143 -0.974 0.061
item_ammo_revolver_ttt	1281.653442 -337.939301 387.969299	0.442 0.071 0.063
item_ammo_revolver_ttt	1272.441406 -346.194885 388.048340	0.460 0.053 0.032
item_ammo_revolver_ttt	1278.801880 -366.363831 387.995850	0.448 0.063 0.052
item_ammo_revolver_ttt	1351.577759 -332.332489 388.030731	0.456 0.055 0.039
item_ammo_revolver_ttt	1358.822510 -347.958679 388.012848	0.452 0.058 0.046
item_ammo_revolver_ttt	1343.786011 -373.391113 387.989655	0.447 0.067 0.055
item_ammo_revolver_ttt	1755.872925 4656.941406 204.319397	0.448 0.072 0.061
item_ammo_revolver_ttt	1752.173462 4629.071289 204.382706	0.460 0.055 0.035
item_ammo_revolver_ttt	423.896973 4569.499512 128.776566	5.802 -0.002 0.427
item_ammo_revolver_ttt	435.481384 4568.395508 127.757790	5.849 -0.007 0.420
item_ammo_revolver_ttt	103.545586 4452.058594 192.321732	0.449 0.070 0.058
item_ammo_revolver_ttt	106.764626 4470.106934 192.357117	0.456 0.062 0.045
item_ammo_revolver_ttt	-1790.872559 4094.867432 277.702606	-0.154 0.028 0.539
item_ammo_revolver_ttt	-1778.810669 4099.914551 277.799377	0.910 -0.067 0.453
item_ammo_revolver_ttt	-2012.606689 -94.150345 -351.336761	17.107 -0.189 -3.076
item_ammo_revolver_ttt	-1998.007935 -96.150429 -355.121704	16.497 2.651 -2.191
item_ammo_revolver_ttt	-2000.191284 -17.105625 -352.126892	19.463 3.053 7.504
item_ammo_revolver_ttt	-1989.722290 -24.712780 -356.185852	15.923 -0.514 6.597
item_ammo_revolver_ttt	-2012.414795 -121.164749 -350.240601	15.119 2.209 -1.539
item_ammo_revolver_ttt	-2014.303467 -27.737309 -348.750610	19.034 4.489 8.518
item_ammo_revolver_ttt	-259.474976 211.378006 -317.858887	-8.244 1.098 2.531
item_ammo_revolver_ttt	-251.164703 199.304306 -317.277161	-7.751 0.496 2.694
item_ammo_revolver_ttt	-253.712646 183.701599 -318.354797	-7.776 0.300 2.064
weapon_zm_sledge	314.552124 4473.507813 194.225250	-12.583 13.094 75.574
weapon_zm_sledge	320.750305 4463.333984 197.381561	-31.443 32.809 88.700
weapon_zm_sledge	322.342102 4493.097168 196.084366	-29.370 -11.403 -56.943
weapon_zm_sledge	90.544777 4701.012207 226.614502	18.214 2.859 2.972
weapon_zm_sledge	85.497505 4786.474121 226.614517	18.214 1.753 2.972
weapon_zm_sledge	332.337646 4779.813477 194.405609	-4.252 18.242 87.003
weapon_zm_sledge	341.793732 4855.228516 196.426208	18.684 1.246 3.309
weapon_zm_sledge	347.555450 4579.569824 195.134079	2.109 28.868 88.540
weapon_zm_revolver	-875.197388 486.631561 150.395477	-6.505 26.369 89.999
weapon_zm_revolver	-2237.947266 -1056.636353 1.918958	2.439 -21.982 -83.886
weapon_zm_revolver	-2423.533936 -1461.137695 9.470145	-6.015 -19.814 -82.120
weapon_zm_revolver	-1204.221436 -1228.333618 65.540054	1.294 -23.406 -80.095
weapon_zm_revolver	-845.095337 -307.845734 177.430405	3.672 -25.256 -86.888
weapon_zm_revolver	1282.452759 -355.557098 389.606476	2.655 -20.145 -84.084
weapon_zm_revolver	1338.210205 -353.828278 389.600739	2.713 -20.119 -83.859
weapon_zm_revolver	1762.508667 4640.284180 205.940536	2.723 -20.117 -83.820
weapon_zm_revolver	412.336273 4554.356445 131.273987	7.238 -27.364 -86.222
weapon_zm_revolver	87.177261 4463.321289 193.903687	2.575 -20.508 -83.340
weapon_zm_revolver	-1796.571533 4111.400391 279.323639	2.363 -21.939 -83.679
weapon_zm_revolver	-2015.849121 -103.874962 -348.453247	13.204 -36.898 -93.620
weapon_zm_revolver	-2010.327026 -34.443821 -350.626617	13.132 38.073 99.565
weapon_zm_revolver	-269.899780 193.050461 -318.793030	-6.335 -14.855 -79.964
