# Trouble in Terrorist Town weapon/ammo placement overrides
# For map: ttt_bunker
# Exported by: Blockmaster2706
setting:	replacespawns 1
ttt_random_weapon	-1784.439941 -1851.040039 83.444199	0.000 293.000 81.500	auto_ammo 2
ttt_random_weapon	-1783.400024 -1889.719971 83.444199	0.000 206.000 81.500	auto_ammo 2
ttt_random_weapon	-1782.410034 -1912.000000 83.444199	0.000 206.000 81.500	auto_ammo 2
ttt_random_weapon	-1916.520020 -1855.229980 57.372898	0.000 293.000 81.500	auto_ammo 2
ttt_random_weapon	-1661.660034 -328.000000 -56.000000	0.000 293.000 81.500	auto_ammo 2
ttt_random_weapon	-1641.859985 -1251.449951 -1654.630005	0.000 293.000 81.500	auto_ammo 2
ttt_random_weapon	-2768.489990 -1551.540039 -1654.630005	0.000 293.000 81.500	auto_ammo 2
ttt_random_weapon	271.669006 -1386.800049 -1654.630005	0.000 293.000 81.500	auto_ammo 2
ttt_random_weapon	272.028992 -1493.520020 -1654.630005	0.000 293.000 81.500	auto_ammo 2
ttt_random_weapon	305.808990 -4545.299805 -1654.630005	0.000 293.000 81.500	auto_ammo 2
ttt_random_weapon	290.979004 -4604.700195 -1654.630005	0.000 353.000 81.500	auto_ammo 2
ttt_random_weapon	-731.666016 -4606.100098 -1654.630005	0.000 353.000 81.500	auto_ammo 2
ttt_random_weapon	-561.880981 -4553.700195 -1654.630005	0.000 353.000 81.500	auto_ammo 2
ttt_random_weapon	-1015.210022 -3361.959961 -1678.630005	0.000 353.000 81.500	auto_ammo 2
ttt_random_weapon	-1030.410034 -3320.000000 -1678.630005	0.000 68.000 81.500	auto_ammo 2
ttt_random_weapon	-992.546997 -2084.080078 -1678.630005	0.000 353.000 81.500	auto_ammo 2
ttt_random_weapon	-1045.099976 -2172.270020 -1678.630005	0.000 233.000 81.500	auto_ammo 2
ttt_random_weapon	-1826.719971 -1950.310059 57.372898	0.000 293.000 81.500	auto_ammo 2
ttt_random_weapon	-1860.140015 -1958.560059 57.372898	0.000 293.000 81.500	auto_ammo 2
ttt_random_weapon	-1906.229980 -679.830017 74.127602	0.000 293.000 81.500	auto_ammo 2
ttt_random_weapon	-2385.179932 -2410.560059 -1534.630005	0.000 293.000 81.500	auto_ammo 2
ttt_random_weapon	-2340.340088 -2426.860107 -1534.630005	0.000 23.000 81.500	auto_ammo 2
ttt_random_weapon	-2277.679932 -2216.360107 -1534.630005	0.000 23.000 81.500	auto_ammo 2
ttt_random_weapon	-2322.520020 -2200.060059 -1534.630005	0.000 293.000 81.500	auto_ammo 2
ttt_random_weapon	-1262.500000 -2256.520020 -1678.630005	0.000 23.000 81.500	auto_ammo 2
ttt_random_weapon	-1307.339966 -2240.219971 -1678.630005	0.000 293.000 81.500	auto_ammo 2
ttt_random_weapon	-2242.500000 -1861.719971 -1590.630005	0.000 23.000 81.500	auto_ammo 2
ttt_random_weapon	-2287.340088 -1845.420044 -1590.630005	0.000 293.000 81.500	auto_ammo 2
ttt_random_weapon	-576.741028 -2194.379883 -1678.630005	0.000 293.000 81.500	auto_ammo 2
ttt_random_weapon	-531.901001 -2210.679932 -1678.630005	0.000 23.000 81.500	auto_ammo 2
ttt_random_weapon	-254.641006 -2171.580078 -1406.630005	0.000 293.000 81.500	auto_ammo 2
ttt_random_weapon	-209.800995 -2187.879883 -1406.630005	0.000 23.000 81.500	auto_ammo 2
ttt_random_weapon	807.379028 -1850.589966 -1406.630005	0.000 293.000 81.500	auto_ammo 2
ttt_random_weapon	852.218994 -1866.890015 -1406.630005	0.000 23.000 81.500	auto_ammo 2
ttt_random_weapon	1844.770020 -565.510010 -1046.630005	0.000 293.000 81.500	auto_ammo 2
ttt_random_weapon	1889.609985 -581.809998 -1046.630005	0.000 23.000 81.500	auto_ammo 2
ttt_random_weapon	2030.609985 -566.630005 -1046.630005	0.000 293.000 81.500	auto_ammo 2
ttt_random_weapon	2075.449951 -582.929993 -1046.630005	0.000 23.000 81.500	auto_ammo 2
ttt_random_weapon	1688.949951 -2790.850098 -1366.630005	0.000 293.000 81.500	auto_ammo 2
ttt_random_weapon	1733.790039 -2807.149902 -1366.630005	0.000 23.000 81.500	auto_ammo 2
ttt_random_weapon	-320.390991 -4565.500000 -1654.630005	0.000 293.000 81.500	auto_ammo 2
ttt_random_weapon	-275.550995 -4581.799805 -1654.630005	0.000 23.000 81.500	auto_ammo 2
ttt_random_weapon	-1686.410034 -474.279999 -1654.630005	0.000 293.000 81.500	auto_ammo 2
ttt_random_weapon	-1641.569946 -490.579987 -1654.630005	0.000 23.000 81.500	auto_ammo 2
ttt_random_weapon	-1683.500000 -606.059998 -1654.630005	0.000 293.000 81.500	auto_ammo 2
ttt_random_weapon	-1638.660034 -622.359985 -1654.630005	0.000 23.000 81.500	auto_ammo 2
ttt_random_weapon	-1685.099976 -469.410004 -54.627201	0.000 293.000 81.500	auto_ammo 2
ttt_random_weapon	-1640.260010 -485.709991 -54.627201	0.000 23.000 81.500	auto_ammo 2
ttt_random_weapon	-1810.229980 -1636.819946 13.372800	0.000 293.000 81.500	auto_ammo 2
ttt_random_weapon	-1765.390015 -1653.119995 13.372800	0.000 23.000 81.500	auto_ammo 2
ttt_random_weapon	-1812.560059 -1555.060059 13.372800	0.000 293.000 81.500	auto_ammo 2
ttt_random_weapon	-1767.719971 -1571.359985 13.372800	0.000 23.000 81.500	auto_ammo 2
ttt_random_weapon	-1683.040039 -2628.159912 13.372800	0.000 293.000 81.500	auto_ammo 2
ttt_random_weapon	-1638.199951 -2644.459961 13.372800	0.000 23.000 81.500	auto_ammo 2
ttt_random_weapon	-1681.469971 -1868.579956 13.372800	0.000 293.000 81.500	auto_ammo 2
ttt_random_weapon	-1636.630005 -1884.880005 13.372800	0.000 23.000 81.500	auto_ammo 2
ttt_random_weapon	1743.250000 -1797.119995 -1302.630005	0.000 293.000 81.500	auto_ammo 2
ttt_random_weapon	1788.089966 -1813.420044 -1302.630005	0.000 23.000 81.500	auto_ammo 2
ttt_random_weapon	2181.060059 -2349.129883 -1366.630005	0.000 23.000 81.500	auto_ammo 2
ttt_random_weapon	2136.219971 -2332.830078 -1366.630005	0.000 293.000 81.500	auto_ammo 2
ttt_random_weapon	-1817.109985 -1092.000000 -19.743601	0.000 23.000 81.500	auto_ammo 2
ttt_random_weapon	-1861.949951 -1075.699951 -19.743601	0.000 293.000 81.500	auto_ammo 2
ttt_random_weapon	-1785.150024 -1189.719971 -10.195500	0.000 23.000 81.500	auto_ammo 2
ttt_random_weapon	-1829.989990 -1173.420044 -10.195500	0.000 293.000 81.500	auto_ammo 2
ttt_random_weapon	-1635.250000 -3029.270020 108.180000	0.000 23.000 81.500	auto_ammo 2
ttt_random_weapon	-1680.089966 -3012.969971 108.180000	0.000 293.000 81.500	auto_ammo 2
ttt_random_weapon	-1630.069946 -2991.580078 105.373001	0.000 23.000 81.500	auto_ammo 2
ttt_random_weapon	-1674.910034 -2975.280029 105.373001	0.000 293.000 81.500	auto_ammo 2
ttt_random_weapon	-1504.239990 -3061.239990 105.373001	0.000 23.000 81.500	auto_ammo 2
ttt_random_weapon	-1549.079956 -3044.939941 105.373001	0.000 293.000 81.500	auto_ammo 2
ttt_random_weapon	-1768.449951 -3044.219971 105.373001	0.000 23.000 81.500	auto_ammo 2
ttt_random_weapon	-1813.290039 -3027.919922 105.373001	0.000 293.000 81.500	auto_ammo 2
ttt_random_weapon	1982.575439 -1553.736694 -1278.281738	-1.738 -4.080 84.668	auto_ammo 2
ttt_random_weapon	1939.075195 -1572.249878 -1278.812012	1.972 5.707 -92.526	auto_ammo 2
ttt_random_weapon	-1306.826660 -1389.341675 -1662.808594	1.972 4.919 -92.375	auto_ammo 2
ttt_random_weapon	-1281.099121 -1435.397583 -1662.767090	1.462 4.561 -93.704	auto_ammo 2
ttt_random_weapon	-1986.644043 -2067.675049 -1598.775146	1.594 4.918 -93.240	auto_ammo 2
ttt_random_weapon	-1962.434082 -2035.251953 -1598.805298	1.934 4.923 -92.461	auto_ammo 2
ttt_random_weapon	-2498.626953 -2202.351318 -1542.792114	1.786 4.773 -92.800	auto_ammo 2
ttt_random_weapon	-2456.419922 -2174.377441 -1542.804688	1.929 4.783 -92.475	auto_ammo 2
ttt_random_ammo	-506.834961 -2136.036621 -1405.532959	1.068 -134.012 179.930
ttt_playerspawn	-1957.493530 -3335.327637 15.911585	7.496 1.476 -5.518
ttt_playerspawn	-1175.814697 -3138.379883 32.053970	12.567 166.269 -1.541
ttt_playerspawn	-1328.697876 -1417.394409 -1663.477783	-0.076 0.000 -0.076
ttt_playerspawn	251.396103 -2199.324463 -1415.519531	-0.012 -0.000 0.012
ttt_playerspawn	-391.642029 -4571.194336 -1663.468872	-0.067 -0.000 0.067
ttt_playerspawn	-1977.460571 -1798.966309 -1415.524658	-0.050 -0.000 0.050
ttt_playerspawn	1950.385254 -1528.850098 -1279.462524	-0.239 0.009 -0.225
ttt_playerspawn	-235.322830 -2221.295410 -1415.477417	0.074 0.000 0.074
ttt_playerspawn	-1950.557129 -2099.690674 -1599.460205	-0.059 -0.000 0.059
ttt_playerspawn	-2505.798340 -2161.418213 -1543.512085	-0.045 -0.000 0.045
